   380    16    83
  1228    64   156
  1804    64   222
   716    32   106
   780    32   145
  1084    32   176
   716    32   104
   604    32   106
  1200    64   146
   832    32   122
  2452   128   246
   588    32    91
  1348    64   157
  1300    64   154
   580    32    91
   596    32    94
  2036   128   201
  1764    64   186
  1036    64   140
   624    32    95
   616    32   100
  1572    64   189
   324    16    68
   868    32   138
   628    32    97
   616    32    89
  2668   128   259
  1560    64   214
   864    32   128
  2496   128   236
   720    32   106
  1312    64   164
  1068    64   140
   284    16    62
  1444    64   175
   816    32   120
  1388    64   183
   596    32    88
  1520    64   164
   872    32   118
  1380    64   161
  1116    64   127
   356    16    70
  1296    64   165
  1168    64   144
   608    32    95
  1044    64   135
  1308    64   159
   608    32    99
   664    32   105
(1008.8516235351562, array([ -5.32775637e-06]))
   556    32   100
   800    32   117
  2288   128   217
  3024   128   282
  3180   128   317
  1252    64   159
   576    32    97
   328    16    71
   656    32    91
  1008    32   141
  1464    64   183
  1352    64   168
   884    64   112
   412    32    77
  1616    64   188
   272    16    54
   528    32    86
   792    32   115
  1300    64   177
   580    32    88
   604    32    91
  1120    64   132
   656    32   102
   904    32   145
  1520    64   192
   984    32   147
   972    64   122
   672    32   115
   672    32   112
  2076   128   206
   660    32    94
   720    32   118
  1192    64   148
  1372    64   161
  1076    64   124
  1108    64   152
  1444    64   173
   332    16    74
  1648    64   201
   812    32   124
  1288    64   169
  1192    64   141
  1588    64   192
   696    32   106
  1024    32   136
   360    16    68
  1156    64   155
   636    32    88
   640    32   105
  2472   128   272
(1120.961181640625, array([ 41.11938505]))
   700    32   113
  1300    64   154
  1060    64   141
   704    32   110
   708    32   109
  1100    64   135
  1336    64   179
  2536   128   257
  1080    64   123
   772    32   130
  1344    64   180
  1532    64   190
   752    32   118
   600    32    97
   548    32    89
   632    32   102
  1380    64   159
   992    64   122
   512    32    83
  1340    64   155
  1204    64   167
   680    32   114
  1420    64   191
  1124    64   157
  1948   128   197
   324    16    69
  1052    64   130
   940    64   116
   956    32   132
   564    32    91
  1484    64   202
   972    64   110
  1168    64   138
   884    32   120
  1088    64   134
   980    32   143
   448    16    82
  1288    64   163
   588    32    93
   756    32   126
  1620    64   181
  1300    64   153
  2384   128   229
   476    32    72
  1040    64   132
  1264    64   160
   660    32   116
   828    32   124
  1132    64   145
  1392    64   158
(1526.8350830078125, array([ 122.32320719]))
   844    32   136
   848    32   114
  1452    64   171
   884    32   141
  1436    64   185
   616    32    95
   864    32   126
   856    32   131
  1444    64   186
  1204    64   177
   640    32    98
   796    32   129
   744    32   108
   724    32   112
  2344   128   240
  1432    64   201
   356    16    75
  2216   128   243
  1020    32   154
  1152    64   153
   612    32    91
  1268    64   164
   588    32    96
  1296    64   160
  1304    64   157
   716    32   107
  2448   128   254
  1324    64   163
  1436    64   169
  1008    64   125
  1356    64   162
  1504    64   169
  1276    64   150
  1096    64   141
  2072   128   218
  1188    64   164
   436    16    71
  1016    64   130
   604    32    94
  1196    64   150
   872    32   115
  1464    64   199
   560    32    83
  1168    64   156
  1400    64   165
  1416    64   184
  2172   128   228
   804    32   113
   704    32   113
   212    16    46
(1330.48779296875, array([ 151.54708444]))
  1288    64   167
  1008    64   124
  1416    64   190
   844    32   116
  1208    64   149
  1068    64   132
  1152    64   154
  2140   128   215
  2328   128   225
   692    32   115
   704    32   114
  1412    64   165
  1452    64   198
   756    32   121
  1496    64   198
   856    32   137
  1300    64   155
  1508    64   209
  2204   128   236
  1272    64   166
  1320    64   156
   668    32   114
  1288    64   165
   856    32   134
  1372    64   177
  1192    64   139
   748    32   117
   608    32    97
  1460    64   188
   588    32    90
   716    32   114
  1328    64   170
   628    32   109
  1476    64   183
  1116    64   148
   616    32   115
  1552    64   192
   556    32    95
  1408    64   172
   932    32   138
  1368    64   179
  1412    64   176
   744    32   109
   256    16    59
   596    32   105
  1992   128   188
   632    32    98
   552    32    96
  1356    64   175
   692    32   112
(1521.62451171875, array([ 304.82741045]))
  1316    64   161
   668    32   116
  1080    64   127
   720    32   114
   708    32   114
  1012    64   141
  1204    64   162
   768    32   114
  1316    64   159
  1080    64   144
  1640    64   195
  1368    64   185
  1032    32   145
   688    32   114
  1184    64   147
   476    32    85
  1152    64   143
   180     8    43
   692    32   104
   612    32    94
   380    16    82
  1588    64   189
   724    32   111
   712    32   120
  1088    64   130
   620    32   100
   824    32   119
   668    32   110
  1404    64   160
   844    32   127
  1316    64   165
  1276    64   168
   920    64   113
   588    32    88
  1340    64   170
   448    32    71
  1316    64   157
  1144    64   143
   588    32    84
  1100    64   144
  2248   128   239
  1072    64   137
  1292    64   163
  1504    64   189
   756    32   119
   308    16    76
   780    32   131
  1096    64   126
  1276    64   157
  2284   128   233
(1683.58447265625, array([ 394.35034357]))
  1516    64   187
   868    32   136
  2976   128   292
   360    16    68
  1196    64   152
  1416    64   156
  3040   128   344
  1324    64   163
   364    16    85
   460    16    77
   796    32   111
   692    32   124
  1364    64   178
   708    32   100
   788    32   126
  2448   128   252
  1328    64   165
  1288    64   153
   740    32   118
  1324    64   155
   688    32   111
  1024    64   124
   824    32   117
  1584    64   204
   488    32    96
   628    32    97
   580    32    89
   600    32    95
   904    32   124
   700    32   108
  1968   128   190
  2380   128   246
  1420    64   188
  1380    64   168
  1044    64   141
   684    32   101
   684    32   101
  1156    64   147
   516    32    97
   380    16    73
  1408    64   189
  1368    64   163
   732    32   123
   596    32    94
   676    32   104
  2216   128   246
  1356    64   157
  1232    64   151
  1344    64   159
   228    16    53
(1525.5821533203125, array([ 533.82533309]))
  1148    64   136
   304    16    67
  1240    64   163
   640    32   102
  1340    64   172
   856    64   102
  1284    64   161
  1396    64   161
   616    32    96
   676    32   101
   828    32   113
  1244    64   147
  1612    64   181
   560    32    81
  1360    64   164
   720    32   126
   900    32   140
  1276    64   175
  1060    64   147
  1308    64   146
  1348    64   163
  1060    64   146
   440    16    96
  1248    64   152
  1056    64   144
  1300    64   147
  1264    64   176
  2532   128   247
   420    16    77
   704    32   117
  1564    64   192
  1332    64   167
  1648    64   207
   280    16    64
   300    16    63
  1268    64   154
   684    32   123
  1952   128   180
  1476    64   201
   460    32    88
  1472    64   174
  1108    64   150
  2048   128   206
  1196    64   160
  2148   128   225
  2608   128   268
   376    16    88
  1256    64   143
   700    32   103
  1468    64   190
(1615.523681640625, array([ 698.50152224]))
   968    32   146
  2288   128   223
   576    32    95
  1084    64   152
  1368    64   158
  1336    64   168
  2420   128   250
  1364    64   174
   400    16    80
   968    32   137
   608    32   102
   920    64   135
  2376   128   252
  1360    64   173
   552    32   107
   972    64   125
  1568    64   211
  1232    64   162
  1032    64   146
  1396    64   167
  1136    64   129
  1376    64   179
   708    32   112
   444    32    75
  2908   128   291
  2304   128   234
  1428    64   193
  2152   128   230
   776    32   115
   768    32   120
  1184    64   148
  1196    64   151
  1008    64   159
  1408    64   185
   592    32    95
  1396    64   191
  1344    64   151
  1340    64   169
   576    32    92
  2140   128   223
  1460    64   198
  1140    64   150
  2356   128   250
  1248    64   149
  1248    64   164
  1512    64   197
   732    32   114
   536    32    86
  1024    64   129
   656    32   100
(1630.6414794921875, array([ 730.60867053]))
   632    32   111
   796    32   131
   936    64   117
   600    32    94
  1352    64   195
  1372    64   183
   656    32   112
   256    16    64
  1176    64   143
  1504    64   211
  1372    64   183
  1344    64   175
  1068    64   130
   576    32    96
   652    32   106
  1456    64   198
  1228    64   154
   492    32    74
   280    16    66
  1616    64   199
   584    16   100
  2720   128   287
  1040    64   137
  1132    64   148
  1152    64   162
   816    32   110
  1588    64   218
   656    32   105
  1024    64   134
  1516    64   188
   576    32    97
   536    32   106
  1072    64   133
  1256    64   171
   504    32    84
   728    32   116
  1428    64   180
  1236    64   184
   684    32   109
  1440    64   200
   996    32   162
  1060    64   146
   756    32   149
   600    32   102
   392    16    76
   664    32    99
  1696    64   202
   696    32   110
   720    32   117
  1020    64   144
(2036.9010009765625, array([ 881.78774136]))
  1392    64   213
   640    32   110
   668    32   113
  1292    64   147
  3332   128   393
  1364    64   170
   876    32   131
   892    32   142
  2408   128   256
   544    32    84
   848    32   127
  1328    64   168
  2804   128   284
  1556    64   213
   788    32   122
  1040    64   129
   636    32   103
  1356    64   186
   844    32   131
   640    32   106
  2108   128   230
  2056   128   205
  1444    64   171
   552    32    88
   696    32   123
   336    16    67
   632    32    93
  1340    64   160
   688    32   105
  1396    64   170
  1000    64   120
  1360    64   172
   428    16   100
  1684    64   221
   476    32    82
   584    32    99
  1036    64   155
  2132    64   263
   888    32   133
  1672    64   214
   472    32    85
  2124   128   223
   756    32   116
  1264    64   161
   880    32   140
   828    32   128
  1740    64   181
   704    32   124
  1524    64   205
   632    32   115
(1910.4029541015625, array([ 907.41868186]))
   732    32   111
   648    32   112
  1212    64   151
  1380    64   182
  1444    64   197
  1004    32   159
   712    32   121
   676    32   102
   548    32    89
   864    32   123
  1192    64   149
  1356    64   187
  1192    64   171
  1852    64   230
  1224    64   150
  1320    64   161
   288    16    70
  1292    64   178
   644    32   113
  1392    64   163
  1148    64   143
  1312    64   169
  2556   128   269
  1116    64   156
  1444    64   190
  1452    64   221
   532    32    83
  1472    64   186
  1004    32   139
  2484   128   264
   960    64   134
   520    32    90
   748    32   111
  1448    64   196
  1236    64   153
  1184    64   158
  1036    64   137
   968    64   135
  1488    64   193
  1036    64   141
   516    32    82
  2496   128   286
   204     8    65
  1656    64   214
  1152    64   143
  1596    64   199
  1000    64   121
   732    32    95
  1184    64   175
   260     8    63
(2312.87744140625, array([ 1080.0365783]))
   808    32   144
   528    32    90
  1096    64   166
  1304    64   190
   520    32   101
  1052    64   123
   760    32   122
  1292    64   151
  1328    64   169
   512    32    90
  1664    64   213
   464    32    87
  1428    64   181
   260    16    62
   724    32   124
  1132    64   158
   456    32    77
   664    32   110
  1080    64   158
   632    32   105
   268    16    57
  2412   128   244
   856    32   131
  1024    64   137
  1276    64   178
  1212    64   155
  2488   128   258
  1200    64   157
   792    32   112
   980    32   138
   968    64   146
   828    32   124
  2124   128   210
  1444    64   187
   676    32   111
  1316    64   184
   772    32   116
  1396    64   181
   524    32    94
   504    32    88
  1392    64   166
  1396    64   217
  1788    64   216
   316    16    75
  1156    64   153
   648    32   109
  1688    64   205
   708    32   124
   548    32    88
   412    16   102
(2311.786865234375, array([ 1243.32297552]))
   316    16    61
   580    32    86
  1320    64   181
  1168    64   155
  1608    64   200
  2220   128   237
  1056    64   153
   300    16    56
  2460   128   279
  2244    64   273
  1468    64   184
  1376    64   197
   296    16    73
   972    64   125
   696    32   111
   288    16    65
   944    32   146
   884    32   151
  1608    64   213
  1296    64   180
   776    32   114
  1576    64   220
  1236    64   176
  1316    64   178
   844    32   116
  1156    64   161
  1332    64   162
   920    32   124
  1352    64   180
   828    32   128
  1536    64   193
   532    32    97
  1160    64   191
  2048    64   260
  1280    64   190
   640    32   128
   664    32   121
  2216   128   248
   504    16   108
  2648   128   329
  1360    64   162
  1252    64   160
   480    32    84
   736    32   136
  1420    64   187
  1408    64   180
  1412    64   174
   700    32   123
   280    16    55
   916    32   142
(2572.841796875, array([ 1436.79567754]))
   652    32   110
   716    32   121
   592    32    91
  1132    64   155
  1420    64   185
  1076    64   147
  1136    64   164
  1336    64   176
  2952   128   325
   464    16    96
  1208    32   176
  2176   128   222
  2500   128   261
   788    32   125
  1348    64   164
  1364    64   172
  1300    64   197
  1428    64   190
   592    32    86
  1056    64   148
   540    32    91
  2336   128   251
  1244    64   165
   272    16    61
  1044    64   130
   744    32   113
  2396   128   252
   528    32    91
  1480    64   188
   684    32   108
  2428   128   245
  1572    64   210
  1312    64   173
  1448    64   189
   496    32    93
   992    32   142
  1240    64   164
   684    32   108
  1136    64   141
  1020    64   139
  1592    64   210
  1172    64   169
   708    32   115
   956    32   133
  1960    64   228
   580    32    97
  1052    64   157
   788    32   130
  1144    64   155
   548    16   101
(3292.677734375, array([ 1718.50303006]))
  1048    64   150
   624    32    90
   324    16    72
   568    32    97
  1372    64   167
  1588    64   230
   568    32   104
  1016    64   128
   788    32   127
  2312   128   242
   576    32   115
  1100    32   150
   964    32   144
  2352   128   269
   696    32   111
   668    32   120
  1088    32   181
   460    16    95
  1004    32   169
   616    32   110
   692    32   116
  1212    64   178
  1632    64   220
  1080    64   148
  1196    64   165
   832    32   145
   872    32   154
  1364    64   195
  1016    32   144
   460    32    83
  2412   128   244
   616    32   117
   624    32   109
   656    32   119
   568    32   112
   716    32   139
  1356    64   181
   700    32   130
   556    32    85
  1968    64   233
  1052    64   131
  1256    64   167
  2244   128   274
   648    32   122
  1064    64   142
  1092    64   152
  1188    64   159
   696    32   118
   792    32   114
   588    32   110
(3807.137939453125, array([ 1852.2750628]))
   336    16    64
  1440    64   199
  1144    32   175
   812    32   130
  1080    64   146
   648    32   114
  1136    64   162
   636    32   102
   672    32   114
   952    64   150
   672    32   115
   640    32   128
  1340    64   183
  1252    64   172
  1008    64   159
  1344    64   181
   952    32   154
  1052    64   150
  1424    64   205
  1336    64   176
  1288    64   227
   768    32   120
  1792    64   220
   752    32   121
  1000    32   160
   376    16    73
  1348    64   192
  1380    64   210
   676    32   124
  1424    64   198
   316    16    68
  2116   128   239
   784    32   130
  1524    64   210
   648    32   103
  1400    64   184
   484    32    79
  1308    64   185
   676    32   110
  2304   128   303
  1620    64   208
   352    16    65
  1380    64   222
   508    32    94
  1080    64   154
  1428    64   193
   432    16    89
   788    32   120
   636    32   101
  1084    64   182
(4027.63720703125, array([ 1989.55985689]))
   880    64   119
   536    32    96
  2028   128   212
  1116    64   150
  1336    64   192
  1072    64   141
  1268    64   165
   828    32   131
   272    16    56
  1316    64   195
   828    32   147
  1468    64   209
   716    32   126
  1860    64   223
  1176    64   154
  1144    64   162
  1056    64   139
   740    32   108
  1080    64   143
   700    32   121
  1920   128   185
  1736    64   225
   448    16    95
  1316    64   192
   728    32   133
  1572    64   216
   620    32   104
   804    32   119
  1140    64   140
   640    32   103
  1008    64   137
   784    32   119
  1368    64   180
  1556    64   200
   808    32   121
   728    32   106
   640    32   122
  1760    64   222
   516    32    96
  1808    64   230
   936    32   145
  1420    64   174
  2096   128   208
   500    32    85
   676    32   112
  1144    64   144
  1604    64   197
   536    32    93
   764    32   133
   360    16    79
(3108.205078125, array([ 2183.30530214]))
   760    32   113
  1508    64   215
  2076   128   236
  1164    64   159
   716    32   144
   644    32   109
  2348   128   258
  1004    64   180
  2920   128   346
   860    32   120
   896    32   136
  1324    64   163
  1392    64   188
   936    32   150
   644    32   110
  1060    64   135
   704    32   133
  1064    64   152
  1496    64   202
  1060    64   164
  1056    64   165
  1112    64   152
  1248    64   177
   744    32   120
  1820    64   258
   840    32   143
   628    32   115
  1276    64   160
   436    16   112
   688    32   117
   864    32   178
   320    16    65
   796    32   145
  1100    64   173
   772    32   116
  1200    64   171
   520    32   103
  1300    64   173
   568    32    93
   620    32   108
   700    32   116
  2032   128   218
   996    32   198
  1400    64   212
   476    32    78
  2076   128   219
   560    32    94
   416    16    84
  1604    64   214
   572    32    99
(3030.123046875, array([ 2093.02016473]))
  1856    64   239
  1160    64   167
  1200    32   205
  1520    64   219
  2396   128   287
  1556    64   225
  1036    64   139
   460    16   111
   364    16   107
   412    16    89
  2700   128   290
   736    32   133
   840    32   144
   572    32    97
  1336    64   178
  1312    64   179
  2152   128   268
   480    16    96
   800    32   150
  1096    32   163
  1580    64   211
   588    32    96
   568    32   103
  1328    64   193
   780    32   128
  1248    64   169
   796    32   167
  1356    64   165
  1484    64   207
   464    32    97
   404    16    74
  2216   128   241
   508    32    98
   560    32    96
  1040    64   168
  1172    64   172
   928    32   149
   680    32   116
  2184   128   245
   504    32    85
   532    32    90
   988    32   148
  1368    64   181
  1172    64   162
  1164    64   181
  1244    64   176
  1708    64   211
   996    64   139
  1492    64   202
  1028    64   172
(3484.618408203125, array([ 2212.29898834]))
   172     8    65
  1604    64   227
  2712   128   298
   672    32    99
  1188    64   174
   812    32   123
  1184    64   152
   544    32    95
   516    32   113
   992    32   136
  1148    64   158
   736    32   126
  2596   128   291
   244    16    59
  1176    64   156
  2352   128   276
   992    64   139
   620    32   115
   728    32   114
  1176    64   163
   688    32   108
  1464    64   189
   372    16   101
   424    16    84
  1800    64   266
  1372    64   212
   576    32    93
   976    32   145
  1556    64   224
  1364    64   192
  1060    64   161
   340    16    70
  1140    64   177
   952    32   151
  1516    64   213
  1440    64   195
   340    16    77
   640    32   117
   448    16    89
  1212    32   169
  1176    64   192
   692    32   140
  1676    64   199
   616    32   113
   716    32   125
   620    32   100
  2648   128   289
   992    64   120
  2276   128   276
  2084   128   225
(3235.225830078125, array([ 2345.13935328]))
   684    32   133
  1156    64   165
   584    32   101
  1232    64   166
  1332    64   166
  1660    64   252
   908    64   122
   576    32    92
   924    64   122
  1352    64   193
  1912    64   229
  1244    64   164
   624    32   119
  1392    64   222
  1016    64   142
   584    32   104
  1124    64   164
  1424    64   200
   908    32   158
  2028   128   260
  1532    64   221
  1464    64   236
   696    32   128
  1076    64   178
  1072    64   136
  1104    64   167
   544    32   101
  3068   128   323
  2688   128   301
  2400   128   294
  1360    64   192
  1324    64   207
   236    16    69
  1212    64   205
  1220    64   184
  1220    64   155
  1016    64   167
  1472    64   237
  1340    64   191
   592    32   114
   784    32   137
  1068    64   165
   972    32   138
   708    32   122
  1112    64   150
  1276    64   182
   976    32   144
   496    16    94
   728    32   132
  1012    64   140
(4975.982421875, array([ 2619.54157162]))
   668    32   125
  2072   128   245
   400    16    93
  1224    64   203
   248    16    55
   560    32    98
   588    32   111
  1052    32   141
  1164    64   220
  1336    64   186
  1056    64   174
   668    32   113
   636    32   110
   348    16    78
  1420    64   227
   620    32   114
  1308    64   182
  1524    64   227
  1500    64   234
  1288    64   188
  1400    64   206
  1408    64   212
  1516    64   277
   540    32    93
   732    32   194
  1316    64   210
  1200    64   166
  1524    64   215
   364    16    84
  1104    64   146
   932    32   159
   424    16    79
  1044    64   174
  1040    32   155
  1032    64   162
  1660    64   215
   596    32   111
   288    16    69
  1280    64   173
  1364    64   189
   712    32   137
  1140    64   144
  1168    64   167
   364    16    92
   808    32   148
   892    32   165
   680    32   123
  1420    64   222
   652    32   112
  2360   128   272
(4156.5830078125, array([ 2724.97160125]))
  1352    64   180
  1236    64   155
  1016    64   173
   380    16    68
   484    32    96
  1112    64   180
   564    32    98
  1316    64   187
   672    32   121
   672    32   110
  2220   128   252
  1880    64   286
  1148    64   173
   572    32    97
  1180    64   157
  1224    64   209
  2448   128   316
   676    32   128
   608    32    95
   644    32   111
  1452    64   208
   752    32   127
  1268    64   203
   680    32   111
  1064    32   166
  1388    64   195
   624    32   113
   804    64   103
   672    32   129
   772    32   116
   524    32   109
  1032    64   156
   608    32   100
   656    32   116
   704    32   133
  1152    64   177
   536    32   108
   912    32   148
   856    32   155
   456    32   103
   576    32   143
  1040    64   141
  1360    64   193
  1360    64   189
   572    32   103
  1480    64   216
  1188    64   173
  1232    64   184
  1036    64   137
   708    32   123
(3902.607666015625, array([ 2680.65310669]))
  1064    64   148
  2140   128   263
  1036    64   175
  1148    64   177
   396    16    76
  1016    64   158
   584    32    98
  1172    64   158
   884    32   152
   288    16    79
   664    32   170
   532    32   105
  1564    64   221
   520    32    90
   692    32   107
  1356    64   198
  1016    64   156
   760    32   130
   916    32   156
   440    32    82
  2424   128   281
   272    16    75
   600    32   123
   592    32   137
   996    64   149
   288    16    61
   440    16   100
   892    64   113
  1336    64   230
   908    32   136
  1388    64   196
   688    32   118
  2320   128   288
   408    16   115
  1424    64   204
   732    32   132
   308    16    71
   736    32   126
   584    32   115
   708    32   133
  1184    64   174
  1012    64   148
  1528    64   235
   584    32   132
   600    32   106
  1316    64   197
   640    32   155
  3044   128   386
  1048    64   167
   596    32   115
(3836.5478515625, array([ 2735.90358853]))
  1464    64   241
   772    32   132
  1056    32   165
   704    32   140
   608    32    99
   316    16    75
   720    32   129
  1120    64   176
  2940   128   323
   900    32   158
  1380    64   207
   848    32   148
   636    32   117
   660    32   110
  1452    64   221
   520    32    99
  1756    64   250
  1308    64   211
   804    32   145
  1388    64   198
   276    16    69
  1112    64   167
   400    16    93
   592    32   126
  1608    64   235
   800    32   128
   532    32   104
  1360    64   179
  1396    64   177
  1148    64   160
   820    32   164
   524    32   102
  1232    64   193
   888    32   161
   584    32   107
   660    32   124
   368    16    77
  2116   128   246
  1472    64   256
   604    32   105
  1080    64   177
  1672    64   252
  1000    64   167
  2004   128   267
  2496   128   299
  1024    64   157
   536    32    97
  1432    64   240
  1604    64   241
  1784    64   226
(4397.54541015625, array([ 2761.80999255]))
  1688    64   246
   968    64   154
  1200    64   225
  1440    64   232
   252    16    67
  1244    64   188
  1736    64   260
  1044    32   215
  2340   128   287
   236     8    77
  2052   128   281
   600    32   123
  1184    64   189
  1176    64   190
   524    32   117
   788    32   142
   604    32   118
  1136    64   158
   516    16    94
   672    32   151
   880    64   123
   556    32   102
   944    32   174
  1356    64   201
  1760    64   256
  1392    64   209
   580    32   100
   400    16   103
  1772    64   262
  1276    64   212
  1420    64   187
  1376    64   195
  1652    64   235
   452    16    85
   508    32    99
  1488    64   233
   648    32   134
   572    32   102
  1400    64   223
   316    16    69
  1480    64   202
   960    64   139
  1444    64   205
   848    64   118
   652    32   122
  2768   128   360
   664    32   123
  2424   128   321
   536    32    95
   960    32   177
(4133.6669921875, array([ 2874.84061861]))
  1288    64   195
   584    32   103
  2472   128   307
   876    32   155
   788    32   138
   712    32   129
  1460    64   197
  1204    64   180
  1328    64   212
  1428    64   270
  1180    64   161
  1452    64   212
   512    32   101
   668    32   126
  1360    64   184
   808    32   158
  1504    64   243
   732    32   146
   616    32   162
  1012    32   191
   780    32   155
  2792   128   340
   440    16   107
  1484    64   219
  2260   128   260
   508    32   115
   916    32   165
  1436    64   180
  1444    64   204
  1216    64   210
  1544    64   223
  1724    64   252
   780    32   128
   888    32   161
   996    64   160
  1420    64   253
  1260    64   180
   720    32   124
  1368    64   175
  1120    64   184
  1412    64   186
  2940   128   377
   472    16    93
  1592    64   202
   260    16    68
   496    32   104
  1372    64   199
  1284    64   180
  1188    64   195
  1576    64   225
(5692.4697265625, array([ 3037.66978455]))
   540    32    92
   392    16    88
  1188    64   238
  1360    64   231
  1660    64   279
   940    64   134
   588    32    92
   768    32   138
   496    32   100
   740    32   160
  1108    64   202
   604    32   109
  1024    64   164
  2264   128   356
   820    32   146
   452    16   118
  1152    64   186
   796    32   141
  1020    64   191
   732    32   144
   660    32   141
   420    32    85
  1668    64   267
   488    16    95
   636    32   108
  1588    64   253
   628    32   133
  1048    64   140
  1000    64   132
   632    32   114
   832    32   201
   608    32   146
   992    32   163
  1304    64   227
  2252   128   295
  1420    64   268
   400    16    84
   576    32   125
  1208    64   198
  2436   128   337
  1444    64   229
   628    32   118
   364    16    72
   880    32   201
  1040    32   258
  1380    64   199
  1612    64   274
   580    32    88
   388    16    75
  2316   128   288
(6557.0791015625, array([ 3092.83559561]))
   708    32   153
  1304    64   260
  1792    64   247
  1364    64   215
   464    16    98
  2256   128   348
   788    32   134
   672    32   100
   660    32   128
  1048    64   179
  2316   128   302
   620    32   106
   660    32   126
  1952   128   222
   716    32   136
   756    32   115
   720    32   115
  1308    64   180
  1040    64   183
   420    16   126
   732    32   136
   408    16    91
  2052   128   270
   536    32   127
  1008    32   190
  1296    64   190
   576    32   134
   212    16    51
   816    32   198
   608    32   125
  1032    64   153
   980    32   187
  1344    64   238
  1368    64   235
   452    16   135
   704    32   119
  1228    64   181
  1328    64   213
   588    32   107
  1052    64   188
  1324    64   218
   588    32   110
  1228    64   164
  1692    64   267
  1048    64   163
  1172    64   188
   540    32    93
  1388    64   202
   660    32   130
   752    32   136
(6892.03271484375, array([ 3197.90133905]))
  1380    64   285
   464    32    84
   548    32   111
  2352   128   340
   344    16    71
  1596    64   281
  1176    64   234
  1608    64   283
   704    32   134
   984    64   147
   712    32   129
  2072    64   333
  2072   128   319
  1032    64   128
  1140    64   161
  1508    64   226
  1128    64   183
   260    16    82
   200     8    56
  1236    64   213
   964    32   185
  1292    64   238
   720    32   193
   588    32    97
  1084    64   169
   748    32   156
   848    32   162
  1344    64   185
   808    32   178
   416    16   128
   412    16    98
   696    32   127
  1272    64   202
   760    32   168
  1264    64   192
  2060   128   288
   768    32   161
  1128    64   205
   584    32   104
   404    16    98
  1376    64   202
   572    32   127
  1412    64   234
   460    16    98
   612    32   115
  1164    64   201
   900    32   153
  1508    64   245
   692    32   117
   348    16    84
(8555.8291015625, array([ 3481.33891201]))
  1588    64   210
  1316    64   210
   676    32   128
   588    32    94
  1276    64   205
  1068    64   173
  1876    64   274
  1620    64   281
   728    32   126
  1516    64   307
   604    32   109
  1444    64   241
  1176    32   224
  1332    64   235
  1092    64   164
  1436    64   254
  1372    64   258
  1016    32   208
   564    32   126
   312    16    67
  1276    64   212
  1612    64   255
  1300    64   176
  1320    64   204
  1352    64   187
   720    32   159
  2132   128   285
  2096   128   268
   580    16   148
  1300    64   246
   740    32   129
  1128    64   207
  2480   128   336
  1336    64   217
  1168    64   183
   864    32   187
   576    32   153
  1276    64   251
   876    32   163
  1444    64   248
  1240    64   201
   704    32   137
   244     8    95
  1092    64   170
   608    32   136
   848    32   186
  1180    64   193
   688    32   124
  1080    64   195
  2716   128   323
(6884.2314453125, array([ 3598.4037118]))
  2144   128   307
  1164    64   192
   620    32   151
   696    32   133
   896    32   205
   968    32   193
   780    32   191
  1364    64   220
   276    16    74
   732    32   137
   704    32   152
  1384    64   197
   732    32   143
  1288    64   193
  1268    64   203
  1452    64   229
  1196    32   179
   940    32   199
  1168    64   187
   292    16    67
  1276    64   182
  1340    64   217
   812    32   144
   912    32   170
   688    32   149
  1428    64   218
   580    32   125
  1228    64   201
   788    32   124
  1268    64   218
   668    32   131
   760    32   139
  1272    64   235
   464    32    86
  1400    64   208
  1416    64   245
  1432    64   197
   284    16    89
  1236    64   228
  1048    64   192
   340    16   107
  1240    64   200
   440    16    92
   632    32   122
   344    16    75
   676    32   110
   716    32   126
   920    32   175
   944    64   153
  1376    64   208
(6622.50244140625, array([ 3623.50156212]))
  1424    64   223
   280    16   106
   492    16   103
  1380    64   202
   432    16    80
   216    16    72
   604    32   149
  1320    64   202
  1204    64   227
   592    32   123
   724    32   137
   624    32   152
  1524    64   234
   992    64   162
  1404    64   208
  1384    64   245
   576    32   131
  1192    64   184
   876    32   174
  1148    64   232
   320    16    93
   572    32   101
  1496    64   304
  2080   128   226
   932    32   236
  1048    64   147
   320    16    89
  1000    64   203
   572    16   143
   816    32   176
  1296    64   200
  1416    64   284
   584    32   150
   304    16    71
  1024    32   224
   560    32   116
  1376    64   189
   836    32   146
   648    32   129
  1736    64   282
  1604    64   287
   592    32   114
  1404    64   281
   528    32   134
  1260    64   198
   388    16   100
   680    32   127
  1356    64   231
  1460    64   243
  1048    64   199
(5898.24951171875, array([ 3625.25626326]))
  1032    32   182
   716    32   155
  1312    64   226
  1592    64   269
  1300    64   182
   560    32   157
   748    32   179
  1080    64   205
  1364    64   235
  1064    64   163
  1148    64   297
  1680    64   285
  1052    64   171
  2164   128   327
  1172    64   262
  1636    64   290
   324    16   101
   432    16   122
   904    32   167
   408    16   104
   912    32   161
   688    32   168
   584    32   125
   836    32   174
   836    32   224
   684    32   165
  1796    64   271
  2408   128   452
  1396    64   266
  2964   128   410
  1140    64   187
  1384    64   316
   784    32   183
   816    32   199
   964    32   231
   976    32   228
   228     8    68
   564    32   135
  1316    64   239
  1612    64   275
   820    32   179
   608    32   120
   440    16    96
  1240    64   208
   320    16    76
   816    32   150
   752    32   137
   256    16    88
  1308    64   209
  1096    64   219
(6879.65185546875, array([ 3852.40961075]))
  2744   128   471
  1136    32   224
   288    16    75
  1936   128   250
   472    32    92
  1424    64   267
   812    32   149
   780    32   148
   848    32   190
  1308    64   297
   840    32   195
  1440    64   305
  1692    64   322
   724    32   170
  1336    64   209
   828    32   167
  1616    64   287
   660    32   173
  1556    64   260
   832    32   285
   816    32   165
  1332    64   248
   300    16    86
   684    32   138
   424    16   102
   576    32   106
   684    32   175
   572    16   156
  2016    64   315
  1348    64   253
   612    32   121
   796    32   220
   776    32   150
  2156   128   316
   600    32   124
   468    16   115
  1136    64   209
  1136    64   196
   620    32   125
  1428    64   255
   636    32   143
  1184    64   194
   716    32   137
  1072    64   205
   540    32   149
  1308    64   251
   916    32   215
  1088    64   150
   976    32   207
  1204    64   215
(6411.82080078125, array([ 3903.1902442]))
   924    32   138
   604    32   145
   540    32    95
   624    32   126
   708    32   162
  1244    64   205
   656    32   138
   760    32   120
   984    64   179
  1076    64   204
  1252    64   162
  2264   128   360
   680    32   172
  1088    64   207
   968    64   229
  1268    64   259
  1172    64   234
  2336   128   335
   624    32   106
   684    32   126
   412    16    96
   732    32   188
   260    16    92
  1116    64   247
   636    32   139
  1456    64   272
   592    32   136
  1168    64   261
   440    16   125
  1128    64   262
  2028   128   357
   396    16   108
   480    16   106
   656    32   168
   380    16    97
  1380    64   241
  2016   128   271
  1352    64   237
   276    16    78
   628    32   125
  1592    64   289
   532    32   176
   952    64   205
   836    32   141
  1132    64   232
   168     8    81
  1420    64   245
   244    16    65
  1484    64   245
   640    32   116
(5648.876953125, array([ 3928.1380415]))
  1400    64   252
  1256    64   184
  1720    64   366
  1480    64   214
  1420    64   278
   896    32   160
  1384    64   259
  1360    64   393
  1036    32   194
  1344    64   332
   740    32   137
  1056    64   210
  2788   128   457
   760    32   152
   360    16    81
   448    16    99
   672    32   132
  1316    64   258
  1300    64   208
   772    32   142
  1156    64   202
  2380   128   371
   576    32   143
  1316    64   207
  1448    64   333
  2244   128   433
   232    16    65
   348    16    91
  1604    64   432
   776    32   212
  1796    64   325
  1328    64   255
   580    32   113
  1328    64   278
  2436   128   400
  1768    64   310
  1756    64   424
  1168    64   179
  1572    64   281
   640    32   109
   628    32   146
  1304    64   275
   268    16   141
  1492    64   381
  2316   128   358
   664    32   139
   320    16    84
  1848    64   462
   872    32   206
  1124    64   223
(7268.90625, array([ 4112.12607479]))
   412    32    83
   968    32   274
   300    16    80
  1540    64   298
   748    32   185
   216     8    77
  1416    64   284
   532    32    87
   644    32   118
   844    32   144
   868    32   166
   544    32    89
  1468    64   261
   656    32   147
   668    32   151
  1380    64   212
   592    32   171
  2368   128   364
  1088    64   243
  1924   128   425
  1664    64   507
  1400    64   217
  2820   128   552
   652    32   228
   736    32   203
   668    32   285
  1452    64   330
  1392    64   275
   436    16   112
   296    16    78
  1044    64   196
   560    16   147
   624    32   178
  1228    64   180
   792    32   190
  1264    64   347
  1156    64   249
   276    16   128
  1388    64   309
   772    32   217
  1160    64   329
  1200    32   308
  2656   128   408
   556    32   101
   916    32   281
  1148    64   166
  1616    64   267
   684    32   145
   564    32   121
  1088    64   215
(9682.48828125, array([ 4335.55979204]))
   716    32   135
   652    32   238
   996    64   225
  1456    64   303
   976    32   154
   896    32   192
  1144    64   245
   276    16    91
   352    16   122
  1320    64   308
   536    16   150
  1192    64   173
  1484    64   305
   864    32   230
   428    16   122
   308    16    87
   684    32   247
   720    32   159
  1376    64   300
  1460    64   299
   620    32   160
  1012    32   236
   688    32   193
  2724   128   526
   592    32    96
   284    16    95
  1264    64   255
  1348    64   417
   776    32   210
   700    32   241
   596    32   153
  1420    64   294
   400    16   154
   420    16   130
   728    32   176
  2836   128   611
   756    32   163
  1040    64   178
   500    32   109
  1148    64   263
   500    32    99
   520    16    94
  1136    64   356
  1156    64   275
   684    32   122
   616    32   265
   812    32   205
  1356    64   296
   744    32   204
   944    32   188
replays/sim_3
(8208.54296875, array([ 4384.0271492]))
  1336    64   264
  1112    64   241
   364    16   128
  2692   128   508
   408    16    91
   956    32   303
  1568    64   376
  2108   128   636
   292    16    86
  2076   128   412
  1392    64   326
  1168    64   310
   580    32   140
  1352    64   369
   640    32   179
  1332    64   260
   884    64   235
  1072    64   334
  1120    64   248
   180     8   105
   976    32   217
   768    32   224
  1308    64   360
  1532    64   322
   648    32   216
   936    32   327
  1316    64   248
   440    16   249
  1480    64   430
  1272    64   203
   516    32   102
   888    32   242
   628    32   227
  1008    64   227
  1224    64   238
   632    32   170
  1224    64   346
  1296    64   278
   624    32   191
  1036    64   185
   512    16   116
  1160    64   290
   312    16   156
  1664    64   503
   384    16   117
  1340    64   249
   892    32   203
   900    64   174
  1360    64   303
  3224   128   957
(8568.0947265625, array([ 4530.91957235]))
  1192    64   280
   616    32   226
  1080    64   336
  1076    64   208
  1472    64   281
  2380   128   477
   824    32   187
   360    16    93
  1624    64   336
   688    32   194
  1288    64   265
   956    32   246
  1400    64   289
  1064    64   256
   664    32   285
   604    32   154
  1660    64   357
  2156   128   424
  1616    64   410
   552    32   137
   728    32   164
  1496    64   281
   788    32   225
   752    32   230
   384    16   232
   668    32   195
  1312    64   260
  1532    64   430
  2436   128   571
   216    16    96
  1348    64   272
  1640    64   479
   284    16   146
  2512   128   446
  1504    64   479
  1488    64   295
  1440    64   257
   860    32   287
   892    32   241
   600    32   145
   532    32   146
  1424    64   405
   940    64   213
   472    16   223
   196     8   106
   708    32   207
  1104    64   261
  1220    64   300
  1312    64   253
   580    32   150
(8818.2998046875, array([ 4436.69022226]))
  1428    64   357
  1016    32   422
  2372   128   532
   464    16   176
   892    32   243
   872    32   171
  1552    64   343
  1836    64   459
   704    32   192
  1316    64   285
  1204    64   271
   604    32   206
  1352    64   444
   620    32   123
   692    32   218
  2672   128   500
   148     8    58
  1156    64   220
   376    16   131
   612    32   134
   756    32   172
   344    16   110
   496    32   128
   684    32   203
  1276    64   257
   676    32   208
   324    16   143
   696    32   167
  2496   128   775
   580    32   312
   404    16   235
   660    32   257
  1460    64   357
   688    32   381
  1136    32   290
  1220    64   259
  1552    64   345
  1200    64   268
   736    32   333
   400    32   127
   688    32   178
   928    32   275
  1168    64   287
  1040    64   224
   988    32   416
  3064   128   994
   352    16   110
  1048    32   287
  1060    64   230
  1340    64   327
(8460.8955078125, array([ 4685.37306356]))
   332    16    88
  2380   128   466
   836    32   237
  1124    32   270
   388    16   158
  1384    64   400
   200    16    67
  1308    64   330
  2132   128   554
   288    16   137
   988    32   226
  2176   128   493
   492    16   143
  1480    64   497
  1396    64   268
  1372    64   346
   464    16   171
  1072    64   270
   700    32   256
   616    32   214
   412    16   158
  1308    64   366
  1328    64   378
   316    16   159
  1620    64   357
   788    32   198
  1208    64   204
  3208   128   560
  1148    32   355
  1464    64   317
  1384    64   297
  1588    64   406
  1032    64   237
   408    16    95
  1312    64   256
   528    32   160
  1196    64   253
  1256    64   269
  1132    64   207
   368    16   122
   612    32   161
  1432    64   315
  1384    64   300
   880    32   166
   800    32   236
   696    32   169
   864    32   146
  1116    64   215
   528    32   106
  1524    64   247
(8328.2744140625, array([ 5012.43406391]))
  1080    64   236
   876    32   234
  1592    64   412
   852    32   159
  2108   128   383
  1144    64   260
   820    32   251
  1096    64   219
   600    32   353
  1604    64   251
   728    32   206
   792    32   218
  1168    64   280
   320    16   111
  1060    32   768
   404    32   134
   636    32   147
   664    32   197
  1304    64   284
  1316    64   280
   732    32   233
  1560    64   343
  1276    64   242
  1468    64   317
  2080   128   477
   708    32   190
   692    32   259
   600    32   199
  1376    64   425
  1304    64   429
   696    32   168
   348    16   148
   968    32   362
   424    16   241
   580    32   264
   884    64   188
  1544    64   492
   552    32   252
  1104    64   267
  1588    64   463
  1312    64   327
  1016    64   244
   792    32   303
   760    32   161
  1540    64   348
   972    32   248
   732    32   182
   652    16   193
   672    32   149
  1404    64   272
(8398.1044921875, array([ 5040.65526772]))
  1532    64   372
   852    32   263
   688    32   308
  1128    64   280
   772    32   312
  1956    64   636
   880    32   195
  1104    64   268
   536    32    97
  1184    64   313
  1204    64   329
   996    64   284
   584    32   143
  1252    64   340
   236    16    99
   432    16   125
  1332    64   504
  1540    64   286
  