   360    16    72
  1028    64   135
   760    32   123
   728    32   110
   796    32   126
  1128    64   146
  1872   128   167
   568    32    82
  1228    64   148
  1540    64   174
  2412   128   240
  2572   128   267
  1684    64   216
  1056    64   128
   500    32   107
   664    32   112
   804    32   121
   976    32   137
  1016    64   132
   516    32    83
  1168    64   157
  2084   128   207
   304    16    62
  4728   256   413
   840    32   129
   664    32   111
   984    64   121
  1104    64   141
  1116    64   147
   708    32   114
   340    16    64
  2328   128   236
  1088    64   136
  1296    64   159
  1068    64   139
   732    32   109
  1220    64   140
   552    32    79
   584    32    93
  1224    64   155
  1424    64   167
   616    32   108
   564    32    98
  1312    64   169
  1560    64   184
  1112    64   142
   204     8    46
   756    32   109
  1276    64   151
  1344    64   158
(37.140697479248047, array([  5.75959526e-06]))
   624    32   103
  1548    64   197
   388    16    87
  2472   128   245
  1140    64   153
   968    64   113
   620    32    90
  1188    64   142
   688    32   109
  1080    64   136
  1168    64   146
   728    32   110
   412    16    84
   800    32   119
  1892    64   207
  1316    64   146
   708    32   110
  1424    64   162
   692    32   127
  2256   128   221
   324    16    71
  2124   128   210
  1404    64   168
  1612    64   202
   292    16    59
  1144    64   136
  3104   128   311
  1260    64   150
  1368    64   157
  1324    64   150
  1296    64   157
  1072    64   134
   788    32   106
  2356   128   244
  1360    64   169
  1380    64   168
   940    64   120
   768    32   111
   584    32    94
   760    32   118
  1984   128   199
   596    32    96
  1444    64   178
   628    32   121
  1252    64   148
  2112   128   204
   992    64   125
  1236    64   169
  1844    64   198
  1320    64   177
(36.385414123535156, array([ 14.01686049]))
  1176    64   139
   540    32    82
   932    32   133
  1232    64   141
  1500    64   196
  1364    64   165
  1000    32   143
  1168    64   155
  2444   128   245
   244    16    49
   876    32   114
   952    64   125
   640    32   103
   716    32   106
   724    32   106
   252    16    59
  1584    64   209
   580    32   103
  1292    64   153
  1300    64   152
   620    32    97
  2288   128   229
  1188    64   146
  1460    64   195
   636    32   103
  2168   128   212
  1840    64   201
  1740    64   204
  1328    64   177
   632    32   115
  1656    64   176
  1480    64   168
   312    16    61
   836    32   117
   992    32   140
  1548    64   177
   668    32   114
   728    32   101
  1292    64   152
  2600   128   259
  2204    64   239
  2876   128   284
   928    32   144
  1372    64   169
   396    16    81
  1144    64   144
  1016    64   118
   620    32   113
   372    16    70
   360    16    69
(35.158485412597656, array([ 29.88622513]))
   612    32   104
  2028    64   227
   680    32   103
   888    32   131
  1244    32   162
   656    32    94
  2228   128   235
  2268   128   210
   988    64   112
   652    32   100
   996    64   114
   580    32    93
   556    32    88
  1484    64   188
  1268    64   150
  1276    64   152
  1752    64   206
  1620    64   208
   532    32    94
   652    32   108
  1516    64   184
  1068    64   136
   596    32    99
   604    32    92
   332    16    65
  1120    64   147
  1344    64   166
  1476    64   176
   984    64   121
  1092    64   140
  1336    64   158
   620    32    95
  1616    64   188
  2736   128   257
  2616   128   281
  1356    64   182
   576    32    83
   704    32    95
  1288    64   150
  1184    64   155
  1120    64   136
  1016    64   135
  1420    64   161
  1112    64   133
   628    32   100
   864    32   126
  1388    64   166
   480    16    88
   816    32   134
  1388    64   181
(35.375877380371094, array([ 41.58277979]))
  1352    64   171
  1624    64   181
   420    16    71
  1140    64   127
  1444    64   189
   288    16    66
   564    32    90
  1056    64   140
   912    32   137
   740    32   116
  2208   128   240
   952    64   123
  1416    64   161
   588    32    92
   436    16    77
  1336    64   169
  1332    64   176
   960    64   126
   244    16    60
  1312    64   155
   636    32   110
   512    32    83
  1296    64   156
   636    32   104
   684    32    96
   816    32   125
   800    32   104
  2352   128   247
  1700    64   199
  1428    64   178
  1328    64   178
  1340    64   166
  1280    64   150
  1332    64   159
   912    32   118
   620    32    95
   716    32   122
  1396    64   167
  1620    64   195
   984    64   118
  1556    64   196
   576    32    88
  1248    64   157
  1220    64   150
  1204    64   152
  1452    64   178
  1300    64   150
   440    32    72
  1352    64   172
   384    16    71
(36.574432373046875, array([ 53.48460576]))
  1296    64   168
   620    32    92
   492    16   102
  1024    64   124
   340    16    73
  1288    64   145
  1516    64   191
   700    32   108
   792    32   123
  1660    64   189
   620    32   105
   680    32   115
  1308    64   151
  2184   128   224
   384    16    74
  1564    64   182
   488    32    83
  1152    64   157
  2108   128   204
   648    32   120
   916    32   120
  1380    64   171
   664    32   115
  1436    64   174
   572    32    94
  1024    64   160
   572    32    93
   748    32   121
   524    32    75
  1016    64   123
  1312    64   160
  1296    64   152
   956    64   113
   568    32    95
  1456    64   169
  1444    64   187
   700    32   117
  1472    64   196
  1420    64   198
  1476    64   183
  1308    64   165
   704    32   114
  1044    64   137
   284    16    65
  1588    64   166
   344    16    60
   904    32   132
  1520    64   186
  1640    64   202
   772    32    99
(35.087593078613281, array([ 65.81770463]))
  1140    64   140
  1160    64   155
  1384    64   182
  1228    64   155
   276    16    57
   792    32   122
  1352    64   177
  1076    64   137
   908    32   142
   560    32    88
  1268    64   156
   660    32   106
  2072   128   210
   672    32   105
  1240    64   143
   768    32   129
   672    32   111
   536    16    97
  1144    64   135
   824    32   130
  1380    64   175
  1384    64   183
   892    32   116
  1408    64   175
  1384    64   167
   580    32    94
  1780    64   199
  1356    64   174
   296    16    57
   592    32    89
  2740   128   271
   872    32   123
   784    32   112
  1320    64   158
  1440    64   187
   596    32   110
   904    32   155
   480    32    82
   684    32   113
   540    32    80
  1152    32   179
   656    32   109
  1140    64   163
   632    32    97
   924    32   129
  1460    64   175
   452    16    92
   876    32   132
  1124    64   129
   848    32   113
(34.479358673095703, array([ 76.55330281]))
   732    32   114
   856    32   115
  2192   128   226
   272    16    71
   904    32   140
  1200    32   159
   592    32    90
   840    32   120
  1360    64   160
  1612    64   203
  2632   128   260
  1080    64   135
   888    32   136
   924    64   120
  1056    64   133
   608    32   104
   720    32   108
  1172    64   149
  1364    64   184
   736    32   129
   404    16    73
  1268    64   144
  2524   128   287
   740    32   123
   580    32    99
  1448    64   188
  1112    64   143
  1104    64   154
   440    16    87
   996    32   150
  1328    64   158
  1336    64   164
   984    32   140
   484    16    98
  2704   128   300
   604    32    98
   560    32    90
  2200   128   209
  1464    64   163
   652    32   125
   284    16    67
  1484    64   172
   488    16    86
   860    32   113
   964    32   135
  1068    64   130
  2072    64   242
  2704   128   297
  2452   128   257
  1320    64   167
(35.654083251953125, array([ 83.7202446]))
  2324   128   238
   968    64   116
  1524    64   183
  1036    64   123
  1288    64   147
   872    32   128
   824    32   125
   316    16    62
  1048    32   161
  1252    64   173
   892    32   131
  1244    64   175
  1628    64   221
  1296    64   163
  1408    64   175
  1208    64   173
   768    32   117
   628    32   103
   888    32   131
   692    32   111
   384    16    69
  1288    64   161
   568    32   104
  3064   128   321
  1712    64   201
   756    32   101
   712    32   107
   688    32   118
  2340   128   266
   900    32   118
  1972    64   220
  3112   128   328
  1252    64   153
   704    32    97
  1512    64   180
  1028    64   132
  1600    64   202
   692    32   111
  1608    64   195
   228    16    57
  1356    64   184
  1108    64   131
  2244   128   229
   896    32   126
  1396    64   184
   988    64   119
   504    32    81
  1464    64   192
   768    32   123
   380    16    73
(36.708965301513672, array([ 91.25966129]))
  1304    64   159
   704    32   128
   664    32   101
   564    32   111
   724    32   115
  2696   128   267
   716    32   117
   700    32   120
  1320    64   184
   448    16    82
   676    32   108
   824    32   124
  1304    64   171
   708    32    96
  1656    64   214
  2156    64   236
  1456    64   196
  1060    64   140
  1416    64   194
  1252    64   152
   580    32    88
   864    32   141
   628    32   104
   408    16    97
   316    16    73
  1452    64   181
  2240   128   234
   644    32   114
   500    32    91
   612    32   121
  1276    64   155
   984    64   127
   296    16    63
  1004    64   129
  1416    64   165
   540    32    87
   720    32   119
   696    32   104
   376    16    75
  1200    64   150
  2112   128   214
   284    16    63
  1156    64   163
  1656    64   221
   968    64   129
   508    32   104
   300    16    65
  2572   128   259
  1400    64   173
  1420    64   182
(37.059799194335938, array([ 102.38296312]))
   412    16    82
  1244    64   164
  1232    64   163
   964    64   111
  2452   128   264
   928    64   112
  1196    64   138
  1468    64   188
  1356    64   168
   656    32   104
   488    32    79
   788    32   111
   648    32   122
  1324    64   165
  1328    64   165
  2024   128   219
  1388    64   172
  1112    64   160
  2344   128   266
  1368    64   196
   816    32   137
  1508    64   214
   368    16    84
   808    32   120
   400    16    81
  1056    64   153
   752    32   121
   368    16    75
   560    32    94
  1028    64   136
  1168    64   149
   576    32   117
  1328    64   163
  1048    64   150
  1072    64   126
   724    32   130
   776    32   128
   728    32   120
  1016    32   159
   504    32    90
   952    64   128
  1652    64   201
   580    32    92
  2768   128   297
  1280    64   168
  1432    64   186
   328    16    66
  1060    64   132
  2392   128   249
   908    64   120
(35.349105834960938, array([ 110.19295162]))
  1376    64   175
  1080    64   131
   648    32   103
   852    32   125
  1636    64   216
  1144    32   167
   404    16    94
  1484    64   179
   628    32    99
   660    32   117
   968    32   132
  1004    32   158
  1256    64   149
  1388    64   180
   324    16    67
  2372   128   258
  1516    64   179
  1340    64   162
  1520    64   195
   708    32   112
  1132    64   146
   696    32   113
  1484    64   186
  1376    64   191
   600    32   102
   696    32   109
   656    32   107
   876    32   129
  1696    64   179
   868    32   119
  1172    64   164
  1032    64   146
   416    32    71
  1056    64   131
   712    32   112
  1460    64   201
   788    32   137
  1156    32   179
  1100    64   131
  2404   128   265
  1176    64   154
  1284    64   169
   396    16    72
   736    32   118
  1600    64   218
   540    32    80
   388    16    71
  1828    64   228
   756    32   120
   596    32   104
(34.834747314453125, array([ 113.94597651]))
   992    32   160
   848    32   122
  1328    64   158
   796    32   117
   600    32   111
   312    16    71
   668    32   122
  2292   128   224
  2952   128   298
  1144    64   151
   552    32    94
   636    32   105
   712    32   126
   620    32   105
   592    32   105
  1112    64   161
   708    32   119
   896    32   132
  1248    64   179
   976    32   163
  1700    64   230
  1324    64   174
   628    32    97
  1356    64   180
   556    32    90
  1284    64   154
  1192    64   152
  1132    64   160
  1572    64   189
  1580    64   208
   928    32   159
   552    32    91
   648    32   112
  1392    64   172
   800    32   117
  1272    64   161
  1508    64   177
   688    32   106
   916    32   131
  2244   128   253
   732    32   117
   544    32   108
  1236    64   153
  1440    64   181
  1020    32   149
  1340    64   168
  2432   128   293
   632    32   120
  1316    64   192
   544    16    91
(35.434059143066406, array([ 118.13130373]))
   304    16    59
   432    16    81
  2332   128   246
  2964   128   298
  1228    64   156
   752    32   128
  1080    64   156
   976    64   120
  2164   128   233
   592    32   103
  1232    64   149
   648    32   107
   960    32   160
   668    32   103
   596    32   107
  1308    64   167
  1464    64   199
  1492    64   191
   272    16    73
   668    32   109
  1300    64   168
   284    16    62
   924    32   129
   780    32   134
  1248    64   168
   340    16    69
  1336    64   169
  1772    64   214
   576    32    94
   588    32    95
  2184   128   223
   656    32   119
   336    16    78
   936    32   149
   488    32    87
  2108   128   237
  1132    64   154
  1020    64   137
  1252    64   165
   964    32   167
  1236    64   155
   680    32   110
  1520    64   208
   568    32    99
  1376    64   184
  1172    64   176
  1392    64   166
  1024    64   127
  1396    64   172
  1056    64   144
(33.953041076660156, array([ 124.36097345]))
   368    16    62
   692    32   122
   596    32    94
   396    16    71
  1192    64   143
  1056    32   167
  2100   128   236
   832    32   133
   788    32   117
  2328   128   240
  1164    64   144
   216    16    58
  2744   128   290
   692    32   107
   944    64   118
  1320    64   165
   600    32   101
  1240    64   184
  1068    64   145
  1672    64   213
  1384    64   188
  1852    64   217
  2996   128   326
   540    32    82
  1384    64   183
  1492    64   204
   760    32   136
  1220    64   160
  1068    64   147
  1332    64   199
  1040    32   182
  1372    64   204
  1036    64   141
   752    32   132
  2320   128   239
   988    32   154
   828    32   143
   776    32   122
   864    32   130
   688    32   114
  1700    64   206
   684    32   122
   468    16    84
  1348    64   189
   588    32    88
  1440    64   190
   540    32    98
   680    32   107
  2060    64   236
  1360    64   175
(35.944183349609375, array([ 130.36820179]))
  1172    64   169
   744    32   110
   376    16    78
  1456    64   203
   432    16    85
  1932   128   211
  1240    64   163
   580    32   106
   308    16    58
   436    16    93
   744    32   123
  1040    64   149
   792    32   130
  1292    64   154
   668    32   103
  1076    64   130
  1308    64   166
  1348    64   182
  1004    64   134
  2384   128   253
   820    32   124
  1440    64   201
  1204    64   179
   604    32   109
   724    32   137
   624    32   105
  1228    64   172
   648    32    94
  1188    64   156
  1324    64   181
   676    32   106
   288    16    69
  1120    64   137
  1088    64   145
  1492    64   178
   540    32    84
  2148   128   247
   220    16    50
   720    32   130
  1148    64   157
   704    32   122
  1280    64   171
   724    32   105
  1436    64   189
   768    32   128
   608    32   126
  1020    64   147
  1356    64   181
   592    32   109
   488    16   107
(36.220245361328125, array([ 135.31108207]))
   448    32    76
  1472    64   221
  1032    32   145
  2048   128   250
  1548    64   204
  1392    64   186
   740    32   112
   836    32   127
   736    32   131
   580    32   100
   868    32   121
  2196   128   259
   640    32   108
   316    16    64
   644    32   111
  2064    64   252
  1788    64   233
  2384   128   270
   952    32   191
  1348    64   183
   632    32   103
  2292   128   238
  2108   128   210
  1108    64   162
  1608    64   211
  1048    64   147
  2580   128   306
  1448    64   187
   616    32   111
  1132    64   185
  1164    64   153
  1300    64   162
   600    32   105
  1536    64   202
  2716   128   283
   340    16    59
  1228    64   176
  1104    64   143
   632    32   109
   764    32   139
  1616    64   218
   592    32    95
   532    32    90
  1228    64   170
   920    32   147
  1124    64   121
  1060    64   148
  1480    64   186
   764    32   109
  1500    64   220
(37.895423889160156, array([ 141.97436699]))
   992    32   198
  1388    64   181
   672    32   135
   360    16    69
  1624    64   227
  1284    64   191
  1084    64   139
  2348   128   249
   316    16    63
   416    16    72
  1516    64   215
   376    16    75
  1064    64   159
  1612    64   235
   308    16    70
  1344    64   162
  1496    64   180
  1336    64   180
   752    32   140
  1320    64   177
  1056    64   144
  1640    64   237
   836    32   141
  1096    64   137
   704    32   109
   688    32   121
   820    32   131
   604    32   102
   676    32   104
  1336    64   166
   788    32   158
   432    32    77
  1568    64   222
  1348    64   164
   680    32   108
   628    32   104
  1156    64   202
  1264    32   208
  1252    64   173
  1372    64   191
   616    32   109
  2716   128   286
   900    32   147
  1116    64   152
  2024    64   231
  1488    64   199
  1136    64   157
   180     8    49
   584    32    96
  1120    64   165
(36.008544921875, array([ 145.57595584]))
   644    32    95
   580    32   123
  1188    64   143
   536    32    79
   988    64   149
  1020    32   165
   508    16    97
  1228    64   174
  1424    64   202
   504    16    82
   780    32   136
   584    32   119
  1596    64   235
   692    32   123
  1044    64   164
  1280    64   199
  1268    64   149
   664    32   102
  1020    64   139
  1156    64   145
   912    64   132
   444    32    92
  2100   128   250
  1364    64   201
   776    32   127
  1064    32   204
   736    32   129
   616    32   123
  1600    64   206
  1456    64   228
  1768    64   247
  1388    64   186
  1144    64   195
  1224    64   167
  1068    64   153
  1952    64   235
   512    16   118
  1132    64   158
  1160    64   179
   772    32   142
   952    32   156
  1072    64   148
  1112    64   182
   892    32   138
  1132    64   157
  1484    64   222
   308    16    80
   656    32   117
   792    32   123
  1068    64   159
(36.832820892333984, array([ 150.69565856]))
  1188    64   185
   392    16    86
  1404    64   198
  1336    64   180
  1620    64   197
   956    32   155
  1172    64   175
  1412    64   199
   364    16    76
   528    32   117
   616    32   113
   572    32    92
   388    16   106
   540    32   103
  1340    64   199
  1392    64   209
   720    32   108
   572    32   103
  1796    64   257
  2204   128   249
   468    16   118
   856    32   157
   856    32   160
  1536    64   209
  1424    64   225
  1300    64   154
   908    32   139
  1584    64   247
  2912   128   377
  1536    64   197
  1668    64   221
  1268    64   187
  1236    64   175
  1460    64   217
   636    32   118
   852    32   139
   760    32   150
   740    32   164
  1120    64   169
  1460    64   223
  1500    64   237
  1176    64   167
  1056    64   157
  1144    64   158
  1240    64   176
   968    32   179
  1028    64   154
   412    16    78
  3024   128   373
   784    32   145
(35.199180603027344, array([ 154.81292808]))
  1024    64   141
   512    16   121
   744    32   132
   464    32   106
   552    32    91
   620    32   116
   628    32   131
   852    32   136
  1472    64   212
  1172    64   162
  2380   128   285
   772    32   167
   444    32    77
   920    32   157
  1140    64   183
  1300    64   172
   604    32   126
  1532    64   216
   724    32   145
   624    32   133
  1584    64   255
   968    64   128
  1224    64   214
  2004    64   272
   636    32   108
  1328    64   191
   716    32   118
   816    32   127
  1012    64   161
  1588    64   202
   348    16    90
   776    32   129
  1124    64   182
   544    32   109
  1072    64   159
   572    32   111
   600    32   131
  1380    64   168
  1320    64   203
   952    32   149
  1276    64   189
   632    32   115
   408    16   106
  1340    64   174
   288    16    68
  2144   128   265
  1308    64   200
   992    64   154
   740    32   119
  1512    64   202
(37.107479095458984, array([ 155.87451932]))
  2068   128   251
  1360    64   196
  2000   128   221
   532    16   117
  1420    64   218
  1144    64   182
  1568    64   277
   572    32   102
  1140    64   162
   536    32    98
   552    32   110
   660    32   135
   976    32   176
   324    16    83
   380    16    93
  1236    64   181
  1484    64   256
  1380    64   166
   992    64   153
  1060    32   151
   816    32   126
   696    32   121
   276    16    73
   640    32   114
   628    32   121
   536    32    82
   972    32   143
  1316    64   187
   516    32   120
   628    32   114
   708    32   142
   400    16   103
   768    32   123
  1216    64   173
   596    32   111
   988    32   168
  1224    64   245
   700    32   115
   664    32   128
  1308    64   205
  1068    32   195
   948    32   163
   564    32   118
  1032    32   188
  2268   128   266
   196     8    61
  1344    64   213
  1032    32   196
   836    32   125
  2048   128   275
(36.682914733886719, array([ 156.80335805]))
  1436    64   234
   512    32   114
  1360    64   219
   888    32   156
  1264    64   226
   576    32    96
   648    32   135
  1204    64   205
   932    64   126
   552    32   104
  1604    64   219
   764    32   121
   332    16   103
   692    32   118
  1868   128   211
   872    32   180
  1372    64   244
  1332    64   206
   964    32   178
   680    32   112
   720    32   128
   360    16    88
   684    32   112
  1776    64   320
   600    32   145
  1748    64   249
  1288    64   190
   760    32   199
  1064    64   185
  1180    64   203
  1296    64   188
   896    32   160
   356    16   112
   692    32   131
   356    16    77
  3256   128   365
  1180    64   153
  2372   128   272
   716    32   135
  2052   128   245
  1328    64   210
  1172    32   193
   584    32   112
  1236    64   167
   300    16    67
  1024    64   185
   496    32    89
  1368    64   193
  1440    64   230
   576    32   127
(34.969593048095703, array([ 157.22013727]))
  1172    64   174
   572    32   114
  1024    64   156
  1504    64   221
  1568    64   228
  1052    64   167
  1456    64   191
   236    16    57
   692    32   143
  1016    64   163
  1376    64   203
   916    64   121
  1120    64   180
  1360    64   204
  1308    64   194
  1232    64   149
   744    32   139
  1584    64   241
   736    32   122
   732    32   164
  1532    64   228
  1180    64   181
  1108    64   142
  1076    64   188
   616    32   124
   704    32   158
  2792   128   366
  1620    64   238
  1192    64   166
   684    32   118
  1348    64   197
  1464    64   250
   864    32   157
   532    32    95
   880    32   137
  1452    64   199
  1196    64   177
  1044    64   136
   748    32   149
  1100    64   185
   664    32   152
   680    32   144
   560    32   107
   816    32   164
   720    32   103
  1368    64   242
   804    32   149
   472    32   106
  1152    64   187
  1072    32   208
(37.575046539306641, array([ 159.43938905]))
  2428   128   293
   780    32   167
  1184    64   174
   512    32   101
  1256    64   197
   256    16    83
   408    16   103
  3100   128   385
   932    32   150
  2660   128   357
  1492    64   262
  1988   128   229
   696    32   142
   692    32   119
  2316   128   299
   796    32   148
   556    32   128
  1284    64   176
   768    32   153
  2144    64   274
  1572    64   220
  1180    64   142
  2748   128   397
  1260    64   215
  1468    64   239
  1308    64   226
   616    32   145
  1604    64   224
  2160   128   319
  1036    64   171
  1260    64   198
  1108    64   196
  1316    64   210
   820    32   153
   916    32   197
  1228    64   193
   844    32   167
   848    32   159
   652    32   124
  1292    64   223
  1368    32   216
   704    32   113
  1120    32   210
  1308    64   218
   232    16    62
   508    32   104
   584    32   126
  2476   128   342
   652    32   123
   736    32   128
(38.553321838378906, array([ 159.55187747]))
   892    64   174
   888    32   149
   836    32   172
   576    32   119
  1676    64   272
   388    16    78
   468    16   104
   604    32   123
  1380    64   226
   764    32   147
   612    32   136
  1392    64   198
  1340    64   224
   616    32   124
  2520   128   336
   584    32   101
   824    32   183
  1044    64   153
   900    32   168
  1328    64   200
  2040    64   275
  1252    64   190
   988    64   143
   936    64   157
   672    32   152
   576    32   112
  1444    64   272
  1008    64   175
   592    32    99
  2344   128   315
  1596    64   255
  1716    64   268
  1396    64   221
   656    32   109
   620    32   152
   636    32   112
   604    32   122
   384    16    69
   876    32   155
  1760    64   307
  1336    64   223
  1004    64   173
   680    32   109
  1336    64   229
  1544    64   257
  1460    64   263
  1364    64   194
   592    32   139
   736    32   129
  1264    64   215
(36.459796905517578, array([ 158.72654727]))
  1396    64   196
  1208    64   208
  1044    32   183
   376    16    85
   920    32   162
   436    16    95
  1088    64   185
   920    32   168
   492    16   116
  1232    64   165
   496    16   148
   968    32   175
   288    16    85
   828    32   146
   992    64   141
  1640    64   267
  1108    64   162
  1384    64   213
   640    32   152
   900    32   171
   780    32   151
  1064    64   171
   340    16    89
   656    32   164
  1188    64   228
  1084    64   177
   568    32   133
  1236    64   217
  1100    64   165
   544    32   113
  1488    64   238
   820    32   169
   648    32   125
   728    32   142
  1416    64   224
   456    32   101
   392    16    93
  1328    64   253
  1096    64   187
   972    32   148
   276    16    68
  1328    64   223
  1368    64   214
   556    32   134
   484    32   112
  1704    64   233
  2996   128   388
   328    16    91
  1460    64   229
   632    32   123
(36.191211700439453, array([ 157.8748686]))
   516    32   101
  3000   128   376
  1356    64   242
  1436    64   306
   900    32   196
   916    32   171
  1152    64   216
   712    32   159
   916    32   187
  1228    64   244
  1600    64   226
  1108    64   197
   960    64   181
   968    32   195
  1484    64   235
   580    32   138
  2084   128   317
   596    32   153
   944    64   200
   776    32   180
  1380    64   255
  1104    64   218
   728    32   149
   724    32   172
   824    32   150
   708    32   145
   544    32   129
   748    32   143
  1256    64   210
   648    32   136
  1144    64   191
   784    32   172
  1168    64   183
   636    32   134
   644    32    98
  1104    32   199
   984    64   133
  1484    64   238
   740    32   180
   540    32   131
   420    16   113
  1308    64   248
   920    32   177
   536    32   118
   800    32   156
  1244    64   212
   896    32   171
  1696    64   271
  2352   128   329
   564    32   114
(35.624950408935547, array([ 158.21419662]))
  2352   128   339
  1416    64   301
   412    16    92
   924    32   201
  1456    64   258
   720    32   166
   708    32   110
  1584    64   265
   580    32   132
   260    16    72
   564    32   125
   348    16    81
  2468   128   336
   588    32   123
   932    64   159
   808    32   217
  1376    64   279
   880    32   210
  1428    64   258
  1396    64   218
  1388    64   243
  1108    64   241
  1016    32   167
   484    32   107
  1032    64   175
  1080    64   211
  1480    64   229
  1416    64   261
   628    32   158
  1752    64   303
   872    32   205
   928    32   171
  1512    64   272
  1332    64   180
  1092    64   182
  1424    64   282
   824    32   205
   364    16   103
  1148    64   188
   956    32   219
  2080   128   309
  1372    64   247
   328    16    89
  1484    64   306
   552    32   105
  1908    64   272
  1064    64   181
  2836   128   529
  1632    64   282
  1064    64   183
(35.414356231689453, array([ 156.06936026]))
  2268   128   309
  1296    64   201
   368    16   102
   684    32   165
  1268    64   192
  1320    64   206
  1272    64   218
  1084    64   139
   732    32   161
   332    16    90
  1092    64   179
  1340    64   209
   852    32   137
   756    32   197
  2724   128   355
  1376    64   259
   992    64   203
   768    32   196
   988    64   182
   768    32   123
   996    64   145
  1468    64   315
  1588    64   255
   356    16   101
  1244    64   246
  1088    64   169
   276    16    80
   640    32   121
   528    32    99
  1284    64   234
  1936   128   305
  1800    64   303
   700    32   207
  1356    64   256
  1060    64   208
  1028    64   188
  2240   128   410
  1144    64   185
  1380    64   277
  1064    64   240
  1108    64   249
  1460    64   321
  1136    32   215
  1044    64   174
   424    16    82
   744    32   131
  2260   128   294
  2620   128   375
  1340    64   281
   384    16   114
(36.005741119384766, array([ 158.64646408]))
  2744   128   428
  1136    64   195
   652    32   150
   672    32   123
   712    32   219
   400    16   102
  1248    64   201
  1132    32   261
  2460   128   415
  1320    64   215
   672    32   123
   628    32   161
   908    32   188
   332    16    78
  1148    64   238
   828    32   208
   608    32   152
  1628    64   342
   660    32   138
   660    32   158
   956    32   152
  1308    64   318
  1604    64   325
   604    32   142
  1420    64   309
  1292    64   259
   812    32   198
  2768   128   431
  1196    64   163
   776    32   213
   820    32   186
   808    32   149
   752    32   181
   640    32   155
  1276    64   301
   620    32   122
   716    32   191
  1028    32   192
  1120    64   212
  1840    64   322
   408    16   107
   244     8    75
  1144    64   244
   772    32   176
  2352   128   378
   660    32   149
  1272    64   238
   356    16    99
   640    32   139
  2444   128   359
(36.885517120361328, array([ 161.02427652]))
   752    32   170
   948    32   164
  1216    64   258
  1296    64   223
  1180    64   177
   796    32   151
   420    16   145
  2252   128   322
  1068    64   193
  1560    64   298
  1324    64   249
  1060    64   175
  2412   128   493
   964    32   239
   684    32   179
   304    16   115
   608    32   142
   468    32   146
  1216    64   239
   660    32   169
   464    16   145
   752    32   162
  1296    64   252
   728    32   192
  1400    64   303
  2408   128   374
   340    16    90
  1136    64   283
   516    32   100
   280    16   119
  1336    64   254
   396    16   114
   788    32   198
   816    32   181
   424    16   131
   692    32   201
   764    32   209
   960    32   233
  1056    64   244
   376    16   109
  1464    64   282
  1108    64   193
   588    16   159
  1132    64   249
   692    32   202
   536    32   117
  1760    64   398
   860    32   259
  2048    64   354
   752    32   187
(38.120227813720703, array([ 161.73525697]))
  1120    64   220
   712    32   157
   664    32   105
  1420    64   295
  1280    64   242
  1380    64   247
   676    32   155
  1488    64   337
  1204    64   221
   508    32   160
   744    32   171
   964    32   195
  2056   128   327
   968    32   192
   532    32   148
  3360   128   594
   860    32   179
   524    16   174
   692    32   186
   716    32   179
   204    16    99
   248    16   107
  1040    64   189
   324    16    78
   628    32   140
  1308    64   267
  2180   128   406
  1712    64   410
   492    16   155
   776    32   165
   748    32   147
  1320    64   338
   448    16   134
   628    32   155
   732    32   180
   992    32   244
  1352    64   220
   780    32   199
  1336    64   279
  1204    64   293
  1676    64   345
   776    32   198
  1608    64   283
   320    16   146
   780    32   149
   400    16    98
   504    32   126
  1008    32   291
  1276    64   261
  1328    64   351
(35.407371520996094, array([ 162.97796148]))
   832    32   205
   572    32   161
   688    32   156
  1488    64   323
   684    32   201
  1244    64   252
   596    16   143
  1308    64   234
   696    32   216
   828    32   246
   384    16    97
  2144   128   316
  1408    64   333
   432    32    81
   704    32   175
   648    32   214
   648    32   140
   728    32   185
  1296    64   326
  2304   128   386
  1132    64   267
  1440    64   356
  1232    64   307
  2248    64   406
   516    32   113
   564    32   189
  1288    64   262
   680    32   201
   432    16   130
   976    32   193
   348    16   158
   620    32   183
  1464    64   279
   748    32   228
   416    16   108
  1300    64   343
  1348    64   326
  1272    64   281
   752    32   204
   672    32   233
   612    32   184
   872    32   176
   804    32   191
  1008    32   265
  1448    64   325
   700    32   150
   616    32   161
   632    32   182
  1148    64   221
   272    16   146
(36.372467041015625, array([ 164.39378458]))
   616    32   176
  1396    64   301
   364    16   106
  1148    64   224
   452    32   140
  2232   128   479
   924    32   222
  2008   128   429
  1392    64   378
   644    32   208
  1176    64   242
  1344    64   335
   912    32   176
  1708    64   442
   684    32   154
   780    32   237
  1228    64   240
   324    16   122
  1472    64   331
   612    32   164
   560    32   136
  1428    64   307
  1532    64   417
  1260    64   199
  1328    64   288
   480    32    97
  2348   128   506
   840    32   207
   432    16   115
  1356    64   267
  1032    32   277
  1288    64   356
  1512    64   334
   632    32   174
   864    32   216
   944    32   327
   400    16   148
   608    32   128
  1024    64   256
   284    16   134
   748    32   262
   612    32   212
   828    32   223
  1468    64   386
   544    32   127
   832    32   264
  1008    64   216
  1344    64   255
   652    32   176
   632    32   149
(39.692188262939453, array([ 161.3053306]))
  2336   128   477
   336    16   122
   568    32   234
  2452   128   482
   676    32   155
   264    16   113
  1336    64   322
   604    16   195
  1208    64   247
  1056    64   363
  1124    64   408
   932    64   198
  1064    64   233
   580    32   163
  1488    64   348
   736    32   130
  1168    32   394
   868    32   214
   480    16   125
  2072    64   503
   512    32   137
   760    32   207
  2148   128   395
   704    32   187
   368    16   154
  1156    64   268
  1036    64   274
   836    32   252
   668    32   214
   968    32   264
  1232    64   341
   876    32   224
   508    32   161
  2076   128   345
  1088    32   246
   476    16   180
   252    16   102
   540    32   144
   840    32   207
  1416    64   377
  1488    64   356
   664    32   197
  1052    64   264
  1464    64   389
   324    16    86
   612    32   192
   820    32   216
  1480    64   277
  1048    64   253
  1064    64   271
(38.023731231689453, array([ 159.16383612]))
   612    32   186
   644    32   207
   688    32   236
  1264    64   299
  1064    32   270
  1264    64   309
  1280    64   340
   728    32   220
   992    32   290
  1116    64   221
  1272    64   384
  1484    64   339
  1364    64   282
  1528    64   398
   732    32   174
   672    32   166
   632    32   213
  1296    64   260
  1196    64   310
  1260    64   294
  2024   128   332
   660    32   152
  1100    64   339
   472    32   160
   628    32   202
   596    32   180
   472    16   160
  1372    64   332
   880    32   226
  1248    64   290
   288    16   111
   840    32   307
   888    64   241
   524    16   126
   432    16   128
   748    32   201
   736    32   196
  2004    64   388
  1308    64   366
   624    32   192
   876    32   256
   632    32   247
  1152    64   323
   728    32   282
  1280    64   329
   692    32   232
   324    16   163
  1700    64   283
   816    32   250
   992    32   441
(37.580135345458984, array([ 157.54738218]))
   792    32   238
   524    16   157
  1036    64   374
   940    32   282
   740    32   174
   740    32   209
   352    16   141
   900    32   260
   720    32   295
  1740    64   623
  1600    64   446
  1352    64   303
   756    32   267
   832    32   240
  1852   128   378
   720    32   249
   744    32   209
  1328    64   330
  1192    64   327
   780    32   256
  1072    64   250
   992    64   298
  1332    64   285
   680    32   243
   916    32   340
  2740   128   542
  1236    64   432
   488    16   136
   948    64   219
  1352    64   388
  2076    64   623
   888    32   319
   596    32   275
   420    16   193
  2212   128   503
  1340    64   370
   660    32   332
  1348    64   398
   444    16   211
  1632    64   503
  1312    64   294
  1376    64   302
   608    32   247
  1364    64   421
   608    32   215
   620    32   181
   540    32   269
  1348    64   446
  1232    64   442
  1336    64   333
(36.730033874511719, array([ 155.46456876]))
   852    32   261
  1020    64   295
  1360    64   522
   628    32   211
   392    16   139
   684    32   227
  2204   128   676
   644    32   201
   300    16   121
  1124    64   406
  1432    64   329
  1456    64   361
   560    32   225
  1676    64   556
  1356    64   476
  1088    64   456
   832    32   259
   840    32   377
  1004    64   255
  1500    64   400
  3052   128   900
  1304    64   387
   440    16    99
  1328    64   300
  2684   128   755
  1028    64   269
   612    32   225
   604    32   217
  1252    64   398
   896    32   427
   724    32   212
  1368    64   477
  1052    64   283
  1108    64   283
  1064    64   357
   828    32   331
  1116    64   331
   820    32   347
  1312    64   447
  1384    64   443
  1004    32   316
  2196   128   663
   672    32   284
   384    16   232
   716    32   159
  2320   128   658
   724    32   195
   804    32   201
  2180   128   513
  1808    64   605
(38.45654296875, array([ 150.65595654]))
   488    32   234
  1012    64   283
   980    32   346
  1256    64   344
  1176    32   521
   764    32   347
   608    32   251
  1024    64   314
   832    32   303
   964    32   406
  1344    64   358
  1380    64   393
  1604    64   460
  1492    64   419
   804    32   283
  1016    32   443
   556    32   238
  1844    64   642
  2408   128   729
   924    32   266
  1504    64   459
  1048    64   262
   924    32   427
   984    32   348
   656    32   243
   548    32   198
  1532    64   475
   716    32   234
  1336    64   341
  1384    64   378
   700    32   278
   632    32   172
   992    32   335
  1424    64   598
  1004    64   497
   676    32   285
   524    16   287
   696    32   304
  1352    64   343
   652    32   248
   688    32   407
   904    32   260
   624    32   224
  1132    64   367
   708    32   314
   972    32   386
  1460    64   419
  1040    64   352
   976    32   279
   608    32   295
replays/sim_4
(35.876815795898438, array([ 151.74790886]))
  1200    64   353
  1200    64   515
   436    16   210
  2988   128   862
   920    64   372
   984    32   446
  1132    64   481
   640    32   205
  2636   128   934
   780    32   367
  1004    64   440
   752    32   411
  1384    64   513
   592    32   221
   920    32   434
  1036    64   322
  1292    64   468
  1312    64   470
  1260    64   389
  2784   128   747
   816    32   339
  1084    64   270
   352    16   263
   640    32   364
   864    32   435
   624    32   202
  1236    64   513
   928    64   431
   736    32   447
  2224   128   659
   764    32   423
   700    32   289
  1260    64   439
   832    32   464
  1076    64   425
  1056    64   326
  1136    64   488
   648    32   233
   652    32   232
  1132    64   351
   868    32   490
   384    16   182
   420    16   359
  1376    64   552
   704    32   247
  1644    64   584
   680    32   286
  1268    64   417
   784    32   367
   524    32   193
(35.743385314941406, array([ 149.5003731]))
   452    32   126
  1052    64   455
  1208    64   397
   868    32   307
   868    32   498
  1120    64   407
   736    32   389
   492    16   353
  1564    64   