   712    32   102
   824    32   128
   600    32    92
   584    32    93
   116     8    46
  2328   128   230
   536    32    83
  1124    64   134
  2708   128   254
  1324    64   161
  1452    64   171
  1268    64   160
   140     8    40
  1216    64   156
   420    16    87
   996    32   139
  1012    64   122
   700    32   110
  1000    64   123
   636    32    90
   720    32   113
  1708    64   205
   800    32   132
  3136   128   333
  1400    64   183
  2416   128   220
   640    32   100
  1576    64   209
   724    32   105
  1292    64   146
   916    32   123
  3064   128   311
   700    32   109
  1304    64   160
  1144    64   159
  1740    64   196
   556    32    92
  2084    64   237
  1012    64   123
  1368    64   173
  1000    64   130
  1228    64   149
   680    32    95
  1028    64   129
  1028    64   124
  1672    64   198
  1192    64   153
   524    32    95
  1440    64   177
  1076    64   129
(522.578125, array([  1.03025126e-05]))
   832    32   116
  1484    64   183
  1052    64   149
  1256    64   153
   852    32   115
  1136    64   144
  1204    64   147
   632    32   107
   696    32   104
   776    32   115
   644    32   111
   428    16    77
   612    32    94
   536    32    93
   188    16    41
   584    32    86
   572    32    85
  1504    64   175
  1028    64   128
   564    32    91
  1164    64   150
  1356    64   163
  1500    64   184
  1052    64   137
  1340    64   153
   592    32    96
  1128    64   152
  1432    64   184
   700    32   100
   636    32   124
  2388   128   240
   372    16    71
  1332    64   159
   936    64   114
   496    16    88
   728    32   110
  1180    64   149
  1696    64   208
  1180    64   137
   704    32   111
  2560   128   265
   852    32   119
  1076    64   138
   184     8    51
  1468    64   164
  2188   128   224
  1124    64   147
  1424    64   178
  1188    64   140
  1220    64   154
(619.13677978515625, array([ 37.08378455]))
   708    32   110
  1312    64   161
   820    32   112
   612    32    98
  1132    64   149
   992    64   120
   464    16    83
  1560    64   179
   388    16    70
  1440    64   183
  1312    64   162
   576    32    90
   564    32    89
   892    32   129
  1228    64   158
  1180    64   141
  1044    64   127
   764    32   103
  2164   128   199
  1372    64   168
  1352    64   161
  1120    64   147
  1328    64   157
  1136    64   139
  1304    64   149
   708    32   113
  1260    64   149
   328    16    66
   880    32   123
   740    32   110
   288    16    65
  1208    64   136
   844    32   112
   700    32    98
   336    16    66
   568    32    94
   464    32    84
  1628    64   192
   808    32   113
  1628    64   191
  1276    64   148
   692    32   117
  2404   128   253
   488    32    89
   924    32   128
  1132    64   146
  1164    32   155
  1320    64   153
  1576    64   196
   760    32   118
(643.044189453125, array([ 81.41658723]))
  1120    64   144
   900    64   112
   936    32   125
   644    32   100
   956    32   129
   716    32   104
  1064    64   143
   688    32   112
  1148    64   147
  1264    64   152
   588    32   100
  1016    32   149
   932    32   141
   696    32   115
   716    32   118
   548    16    94
   704    32   118
   964    64   124
  1488    64   165
   624    32   108
  1596    64   199
  1416    64   174
   588    16   119
  1272    64   155
   992    64   128
   772    32   110
   388    16    70
  1188    64   141
   288    16    59
  1164    64   149
   616    32    97
   700    32   100
   392    16    83
  1228    64   157
  1084    64   132
   296    16    68
  1396    64   181
  1596    64   195
   988    64   120
   840    32   121
   676    32   104
  1336    64   167
  1264    64   135
   656    32    92
  1472    64   196
  1116    64   129
  1440    64   179
  1268    64   163
  1524    64   191
  1000    64   130
(556.7332763671875, array([ 123.15239616]))
   704    32   104
  1536    64   179
  2408   128   250
   804    32   126
  2092   128   225
  2068   128   191
  1352    64   160
  1484    64   164
  1800    64   219
   368    16    62
  3036   128   305
   396    16    88
   596    32   105
   620    32    97
   328    16    79
  1504    64   196
  1372    64   184
   316    16    72
   780    32   126
  1308    64   168
  1704    64   205
  1384    64   172
   584    32   104
   644    32    92
  1464    64   179
   860    32   129
   436    16    86
   700    32   100
  1736    64   186
   528    32    93
  1364    64   169
   952    32   157
  1380    64   188
   880    32   146
   612    32   103
   532    32    90
  1092    64   138
  1520    64   189
  1624    64   206
   580    32    95
  1636    64   206
   944    64   116
  1296    64   169
  2420   128   257
   456    32    78
  1100    64   144
  1424    64   186
   716    32   115
   660    32   107
   880    32   115
(696.6103515625, array([ 162.0649878]))
  2072   128   211
   544    32    86
  1216    64   153
  1420    64   174
   924    32   144
  1768    64   208
  1724    64   206
  2532   128   236
   716    32   119
  1356    64   171
   644    32   104
  1160    64   146
   632    32    98
  1400    64   194
  1260    64   140
   660    32   109
  1356    64   170
  1352    64   163
  1336    64   159
   992    32   148
   220    16    56
  1516    64   185
   720    32   112
   436    16    84
   572    32    85
  1352    64   165
  1624    64   185
  1416    64   168
  2024   128   196
   616    32    98
  1500    64   169
   564    32    87
   512    32    99
  1196    64   147
   712    32   114
   988    32   150
   584    32    96
  1504    64   173
   556    32    88
  1144    64   142
  1376    64   177
   520    16   101
   588    32    85
  2140   128   221
  1116    64   149
  1184    64   154
   484    16    95
   912    32   125
  2068   128   206
  2036    64   227
(626.8560791015625, array([ 210.60094934]))
   576    32    85
   688    32   105
  1636    64   175
   512    32    87
   408    16    77
  1212    64   147
  1368    64   164
   944    32   125
  1032    64   138
  1432    64   172
   664    32   116
   720    32   119
  2048   128   220
   588    32   113
   544    32    87
   568    32    87
   584    32    95
  1256    64   146
  1372    64   161
   956    32   135
  1384    64   168
  1148    64   150
  1332    64   154
  1356    64   168
  1568    64   175
  1352    64   172
   592    32   110
  2664   128   252
   616    32    89
   928    64   117
   848    32   135
  1232    64   143
   764    32   102
   580    32   101
  2008    64   226
   580    32   103
  1024    64   144
   672    32   110
   644    32    96
  1444    64   178
   748    32   120
  1088    64   132
   704    32   121
   760    32   114
   624    32   107
  1256    64   154
   564    32    84
   184     8    48
  1196    64   161
   608    32   101
(847.8248291015625, array([ 243.68917058]))
   596    32    96
  1180    64   134
   616    32    98
  1328    64   156
  1100    64   140
  1160    64   137
  1848    64   228
   348    16    67
  1440    64   181
  1924    64   220
  1052    64   126
   476    32    88
   648    32    96
   508    32    77
  1724    64   232
  1504    64   179
  1660    64   226
  1880    64   236
  1436    64   180
  1064    64   131
   392    16    74
  1236    64   173
  2352   128   256
  1052    64   154
  1396    64   174
  2268   128   230
   576    32    92
   472    16    89
  1204    64   152
  1028    64   110
   636    32   114
  1520    64   187
  1040    64   136
  1080    64   144
   548    32    83
  1556    64   185
  1360    64   162
   608    32   105
   564    32    99
  1492    64   187
   404    16    80
  1436    64   185
  1280    64   150
  3016   128   310
   756    32   121
   740    32   115
   708    32   113
  2652   128   256
  1456    64   196
  1436    64   184
(894.9581298828125, array([ 271.48235887]))
   608    32    96
  1444    64   173
  1348    64   161
   564    16    92
   900    32   126
   596    32    94
  1144    64   164
  1544    64   187
   816    32   115
  1272    64   166
  1536    64   200
  2132   128   213
  1288    64   137
   532    32    90
   620    32   102
  1444    64   172
   400    16    95
  1344    64   171
   812    32   118
   336    16    70
  1372    64   183
  3052   128   296
   796    32   110
  1020    64   133
   644    32    98
  1064    64   142
   796    32   113
   640    32    94
   492    16    86
  1488    64   181
  1468    64   178
  1304    64   189
  1344    64   160
  1452    64   173
   324    16    64
   684    32   108
  1644    64   219
   440    32    77
  1540    64   221
   760    32   128
   992    64   129
   900    32   131
   604    32    98
   660    32   101
  1080    64   137
  1452    64   193
   988    32   138
   584    32    95
  1328    64   148
   516    32    88
(1014.5518798828125, array([ 282.45780554]))
  1312    64   155
   596    32    94
  1072    64   140
   632    32   104
  1360    64   176
  2076   128   207
   560    32    91
  1560    64   195
  1192    64   144
  1000    64   128
  1416    64   172
  1308    64   178
  1332    64   187
   344    16    64
  1124    64   154
  2376   128   255
  2196   128   250
  1368    64   179
  1496    64   199
   908    32   138
   744    32   101
  2632   128   274
   636    32   104
  1048    64   118
  1200    64   145
   648    32   109
   492    32    90
  1304    64   160
  1736    64   223
  1008    64   127
   360    16    69
   648    32   104
  1456    64   193
  1072    32   141
   748    32   117
  1280    64   160
  1300    64   157
   940    32   137
  2376   128   258
  1440    64   178
   704    32   118
  1388    64   173
   768    32   104
   956    32   139
  1136    64   151
   972    64   126
   796    32   134
  1344    64   163
   568    32    87
  1004    64   127
(1108.289794921875, array([ 298.8452568]))
   596    32   111
  1704    64   215
   576    32   100
   712    32   117
  1032    64   140
   788    32   114
  1152    64   164
   648    32   107
  1452    64   183
  1308    64   169
  1392    64   167
  1340    64   152
  2052    64   226
   368    16    71
  1132    64   146
   588    32    96
   612    32    91
  1912    64   231
   752    32   102
   692    32    99
  1296    64   175
   724    32   110
   900    32   123
  1448    64   179
  2548   128   279
   720    32   114
   604    32   104
  1088    64   141
  1216    64   160
   684    32   113
   828    32   118
   696    32   108
  1256    64   153
   564    32    97
  1708    64   199
  1084    64   151
   612    32   101
   568    32   105
   632    32    94
   532    32    87
   656    32   111
  1164    64   132
   776    32   130
  2308   128   252
  1296    64   155
   732    32   112
   904    32   133
  1376    64   173
  1080    64   135
   572    32    99
(1455.45849609375, array([ 319.71165258]))
   860    32   133
  1596    64   202
   616    32   102
  1376    64   164
   696    32   111
   552    16   111
  1140    64   165
   176     8    63
   772    32   120
  2172   128   222
   544    16    95
   888    32   136
  1096    64   137
   968    32   140
   876    64   105
   916    32   125
  2044   128   206
  1312    64   180
  1396    64   195
  1624    64   194
   724    32   114
  1540    64   193
  1084    64   129
  1356    64   176
   708    32   112
   708    32   113
  1328    64   160
  1368    64   166
   540    16    94
   704    32   113
   740    32   133
   476    32    78
  1876    64   200
   808    32   127
  1132    64   148
  1236    64   158
  1360    64   174
   580    32    89
   920    32   133
   972    64   109
  1640    64   223
   956    64   118
  1328    64   161
  1404    64   170
  1472    64   196
  1360    64   165
  1332    64   170
   916    32   130
   924    32   135
  1160    64   163
(1151.005615234375, array([ 318.26965794]))
  2944   128   307
   772    32   135
   552    32    93
  1292    64   172
  1968   128   207
  1496    64   195
   748    32   115
   344    16    70
   408    16    91
   108     8    38
  2548   128   284
  1416    64   177
  1360    64   163
  1036    64   127
  1136    64   149
   520    32    92
   688    32   117
  1440    64   189
  1332    64   185
  1096    64   150
  1440    64   184
  1364    64   167
   604    32   110
  1428    64   179
  2148   128   247
   612    32    98
   652    32   106
  1312    64   171
   512    32    87
  1352    64   175
  1416    64   221
  2024    64   231
   680    32   100
  1112    64   140
   284    16    71
   632    32   100
   552    32    86
   872    32   122
  2332   128   245
  1256    64   158
  2304   128   237
   752    32   114
  1988   128   224
   464    32    89
  2052    64   229
  1068    64   129
   868    32   119
   892    32   118
  1376    64   188
  1396    64   170
(1189.994873046875, array([ 332.09719947]))
  1196    64   185
  1424    64   157
   732    32   122
  1060    64   132
   256    16    66
  1348    64   168
   916    32   132
   592    32   106
   880    32   132
  1132    32   170
  1288    64   156
  1152    64   169
  1500    64   182
  1288    64   167
   384    16    83
  1296    64   155
   772    32   117
   672    32   106
  2876   128   324
  1752    64   215
  1424    64   193
  1304    64   161
   628    32   104
   752    32   133
   504    32    89
   544    32    89
  1080    64   142
   776    32   131
   360    16    87
  1328    64   178
   996    64   121
   740    32   114
   628    32    94
  1292    64   161
  1032    64   138
  1204    64   191
  1092    64   135
  1132    64   139
  1344    64   181
  2076   128   221
   688    32   111
   788    32   123
  1028    64   142
  1348    64   181
  2556   128   280
   728    32   112
  1108    64   153
   628    32   103
  1304    64   162
   316    16    66
(1229.6910400390625, array([ 324.46715984]))
  1316    64   193
  1104    64   158
   588    32    99
  1584    64   216
   388    16    79
  1416    64   170
  1000    64   126
   712    32   109
  1108    64   133
  1512    64   181
   660    32   108
   448    16    95
  2436   128   270
   624    32    97
  1360    64   194
   920    64   128
  1336    64   160
   616    32    94
  1328    64   169
  1248    64   165
   696    32   129
   652    32   105
  1632    64   219
  1376    64   193
  1084    64   139
   588    32    88
  1168    64   165
  1508    64   177
   616    32   111
   560    32    87
  1072    64   158
  1356    64   166
  1296    64   161
   660    32   110
  1268    64   181
  1408    64   199
   500    32    84
   652    32   102
  1276    64   173
   656    32   120
  1352    64   164
  1240    64   174
   436    16    89
  1500    64   210
   964    32   144
   508    32    83
  1492    64   191
  1728    64   219
   964    32   132
  1352    64   183
(1544.62890625, array([ 372.378652]))
  1096    64   148
  2260   128   240
   740    32   106
   396    16    90
  1156    64   146
  1044    64   138
  1036    64   140
  2196   128   220
   676    32   104
   660    32   125
   576    32   108
  1400    64   191
   584    32    92
  1328    64   178
   708    32   120
  1156    64   175
   372    16    83
  2768   128   274
   700    32   117
   616    32   105
  1244    64   177
   740    32   125
  1260    64   179
   980    64   160
  1424    64   198
  1544    64   243
  1188    64   158
   696    32   135
  1828    64   200
  1024    32   160
   856    32   120
  2292   128   244
  1424    64   170
   496    32    91
   304    16    80
   444    16    85
  1584    64   183
  1328    64   154
  1180    64   151
   568    32    96
  1284    64   180
  1076    64   146
  1032    64   142
   856    32   146
  1416    64   177
   284    16    58
  1364    64   158
  1236    64   167
   572    32   108
  1124    32   173
(1460.908203125, array([ 386.05427843]))
  1280    64   164
  1252    64   154
  1476    64   207
   612    32   102
  1244    64   164
   852    32   126
  1052    64   124
   840    32   134
   664    32   109
  1076    64   133
  2672   128   257
   280    16    70
   888    32   118
   280    16    69
  1360    64   185
   956    32   155
   884    64    98
  2008   128   220
  1644    64   212
   792    32   108
  1352    64   175
   912    32   150
   596    32    92
  1324    64   178
  2348   128   252
  1372    64   187
   556    32   102
  2292   128   250
   312    16    69
  1408    64   194
   888    32   131
   676    32   114
  1420    64   187
   668    32   115
   572    32    96
  2072    64   245
  1656    64   209
   600    32   101
  1768    64   214
   372    16    66
   580    32   118
   784    32   118
  1604    64   202
  1360    64   186
   848    32   144
  1764    64   217
  1356    64   168
   964    32   141
   800    32   136
  2860   128   294
(1301.38525390625, array([ 418.20097303]))
  1520    64   183
   564    32    93
  1316    64   161
   892    32   137
  1024    64   130
  1444    64   192
   620    32    94
   812    32   122
   412    16    83
  1508    64   237
   872    32   118
   640    32   119
   620    32   100
  1312    64   177
   608    32   102
   636    32   110
  1076    64   135
  2228   128   221
   676    32   106
  1580    64   199
   624    32    95
   276    16    54
   540    32    80
  1152    64   167
  1352    64   163
   436    16    77
  1456    64   205
   932    64   136
   580    32    93
   720    32   139
  2080   128   209
  1208    64   181
  1056    64   154
  1556    64   194
  1192    64   147
  1348    64   208
   812    32   127
   688    32   121
  1264    64   165
  1216    64   168
   520    16    97
   660    32    99
  1256    64   171
   740    32   127
  1356    64   174
  1092    64   152
   828    32   126
   396    16    79
  1300    64   198
   852    32   136
(1196.4482421875, array([ 434.6193517]))
  2692   128   278
  1168    64   160
  1436    64   185
   660    32   109
   536    32    92
   692    32   115
  1336    64   194
  2952   128   323
   996    64   131
  1112    64   138
   568    32   106
   244     8    80
   448    16    86
  1088    64   162
   508    32    86
   868    32   135
  1140    64   137
   396    16    72
  1116    64   145
  1152    64   158
   732    32   120
   952    64   120
  1052    64   151
  1292    64   177
   496    32    88
   724    32   139
  1760    64   213
  1104    64   151
   460    16    80
   664    32   126
   628    32    98
  1448    64   195
  1784    64   259
  1004    64   129
   708    32   128
  1184    64   164
   820    32   147
  1412    64   175
   828    32   130
   356    16    75
   856    32   131
   388    16    78
  1496    64   201
  2628   128   276
   656    32   112
   632    32   110
  1452    64   190
   732    32   111
   940    64   119
   456    32    79
(1174.8944091796875, array([ 460.02762344]))
  1364    64   170
  2644   128   278
   972    64   146
  2704   128   294
  1300    64   181
  1604    64   239
  1152    64   155
   780    32   114
   428    32    87
   604    32   107
   636    32   102
   872    32   153
   544    32    94
   308    16    72
  1096    64   166
   884    32   133
  1416    64   182
   700    32   112
   436    16    90
   548    32    84
   588    32    98
   472    32    78
  1040    64   137
  1172    64   131
   720    32   127
   136     8    43
   560    32    86
   500    16   110
  1692    64   217
   628    32   123
  1404    64   198
   848    32   150
   784    32   119
   884    32   154
   628    32   100
   880    32   122
  2496   128   295
  1356    64   199
   696    32   102
  1380    64   184
   648    32   115
  1620    64   220
   608    32   120
   968    32   166
  1428    64   197
   684    32   135
   412    16    80
   292    16    77
  1436    64   220
   616    32    99
(1301.6826171875, array([ 501.42593182]))
   576    32   103
  1200    64   164
   644    32   113
   692    32   114
   636    32   105
   552    32   102
  1920    64   235
   584    32   113
  1752    64   226
   716    32   137
   584    32   101
  1272    64   179
  1060    64   154
  1524    64   204
  1208    64   167
   712    32   133
  1336    64   177
   956    32   146
  1308    64   195
  1392    64   174
  1012    64   123
   796    32   161
   352    16    84
   864    32   141
  2252    64   283
   248    16    70
  1468    64   211
  1440    64   196
   568    32   111
   996    32   168
   944    32   132
  1400    64   168
   988    32   159
  1072    64   141
  1336    64   183
   928    64   129
  1328    64   177
   688    32   105
  1180    64   153
  1448    64   187
   400    16    82
  1200    32   173
  1408    64   166
   660    32   106
  1344    64   178
  1224    64   162
   732    32   124
  1104    64   157
   996    64   126
  2712   128   284
(1059.0435791015625, array([ 530.60777031]))
   596    32   112
  1192    64   167
  1012    64   118
  1232    64   173
   680    32   114
   868    32   132
   460    16    84
   708    32   118
  1468    64   200
   632    32   116
   744    32   122
   684    32   120
  1024    64   141
  1280    64   169
   504    32    81
   544    32    86
   568    32    93
   960    32   142
   896    32   138
  1076    64   145
  2236   128   241
   608    32   105
   600    32   114
  1016    64   144
   732    32   124
   996    64   147
   628    32   110
  2248   128   235
   452    16    87
  1368    64   193
  1440    64   185
   704    32   131
  2216   128   234
  1340    64   169
   580    32    99
   812    32   120
  1224    64   162
   552    32    86
   672    32   111
   680    32   117
   724    32   126
  2132   128   258
   828    32   135
   592    32   101
  1072    64   147
  1328    64   165
   520    32    89
   696    32   118
   780    32   141
  2444   128   289
(1109.1033935546875, array([ 537.59758399]))
  2280   128   264
   664    32   114
   616    32   115
  1136    64   151
  1740    64   199
  1032    64   155
  1188    64   167
  1636    64   197
  1192    64   176
   620    32   112
  1300    64   166
   736    32   121
   548    32    96
   568    32    84
   448    32    91
   616    32   119
  1188    64   167
   960    32   162
   900    32   134
   632    32    94
  1292    64   155
   540    32    93
  1164    64   147
  1096    64   171
  1492    64   215
  1980   128   228
   648    32   116
   584    32    92
   600    32    90
   860    32   129
  1252    64   165
  1148    64   158
   840    32   146
  1400    64   217
  1100    64   145
  1160    64   173
   956    32   160
   848    32   149
   608    32    94
   396    16    86
  1136    64   164
  2560   128   298
  1556    64   247
   836    32   128
   560    32    91
  1316    64   171
  2060   128   227
  1596    64   206
  1000    64   143
  1192    64   160
(1119.538818359375, array([ 549.79216994]))
  1116    64   147
   964    32   154
   752    32   138
   932    32   158
   576    32    86
   920    32   141
  1792    64   278
   676    32   110
  1060    64   159
  1244    64   173
   336    16    70
   352    16    98
  2096   128   219
  1828    64   262
  1028    32   162
  1124    64   152
   576    32   103
  1348    64   200
  1536    64   216
   652    32   109
   924    32   132
  1384    64   207
  1224    64   168
   972    64   124
  1612    64   193
  1152    64   176
   372    16    73
   648    32    99
  1588    64   212
  1336    64   206
   316    16    81
  1284    64   177
  1316    64   184
  1396    64   189
  1352    64   207
   576    32   116
   624    32   116
  1112    64   195
   604    32   111
  2800   128   347
  1332    64   188
   848    32   127
  1540    64   185
  1316    64   186
  1380    64   197
   716    32   112
   924    64   120
   632    32   121
  1280    64   163
  1432    64   212
(1217.965576171875, array([ 547.23691946]))
  1652    64   192
   388    16    72
  1300    64   186
  1332    64   206
  1028    64   165
   600    32   112
   692    32   149
   692    32   114
  1624    64   208
   596    32   102
  1300    64   179
  2684   128   323
  1208    64   166
   252    16    61
  1248    64   146
   252    16    71
   300    16    61
   756    32   127
  1416    64   201
   776    32   135
  1016    64   136
   780    32   136
  1316    64   160
  2064   128   235
   944    64   128
   428    32    81
   704    32   121
  1452    64   212
  1372    64   205
  1332    64   193
   676    32   108
   776    32   144
  2112   128   240
  2288   128   235
  1332    64   190
   648    32   112
   748    32   128
   572    32   112
   688    32   122
   728    32   139
   644    32   108
   780    32   146
  2272   128   251
  1428    64   192
  1600    64   250
   948    32   163
   736    32   134
  2220   128   265
  1516    64   230
   540    32    86
(1402.109375, array([ 571.41250068]))
   636    32   103
  1120    64   150
  1348    64   186
  1140    64   153
  1492    64   216
   980    32   161
  1332    64   186
   588    32   122
   452    32    84
   940    32   156
   540    32    93
   992    64   151
  1356    64   188
   716    32   140
  1188    64   168
  2256   128   302
  1260    64   176
  1324    64   211
   848    32   155
  1052    32   145
   348    16    94
   852    32   131
  1288    64   183
   432    16    95
   640    32   119
  1260    64   176
  1304    64   178
  2976   128   311
  1552    64   248
  1292    64   196
   652    32   106
  1056    64   162
  1188    64   166
   636    32   113
   684    32   143
   640    32   127
   576    32   109
   576    32   104
  1316    64   198
   856    32   175
   944    64   148
   372    16    86
   752    32   139
   636    32   103
   588    32   106
  1456    64   221
   696    32   124
   588    32   112
   680    32   118
  1484    64   205
(1445.6834716796875, array([ 576.63577186]))
  1356    64   235
   520    32   105
   280    16    66
   836    32   159
   560    32   106
   788    32   149
   748    32   164
  1324    64   195
   708    32   135
  1376    64   224
  1172    64   211
  1400    64   232
   520    32    83
   444    32    80
   992    64   152
  1376    64   234
  1668    64   263
   748    32   131
  1060    64   136
   500    32    98
  1064    64   169
  1268    64   182
  1240    64   163
   816    32   129
   364    16    70
  2092   128   287
  1004    64   141
   512    32   103
  1388    64   210
  1228    64   178
  1244    64   184
   484    16   102
  2676   128   337
   216    16    59
   788    32   138
   688    32   121
   416    16    92
  1332    64   204
   356    16    79
  3204   128   414
   704    32   146
  1144    64   192
   552    32    89
  1172    64   169
   764    32   133
  1032    64   138
  1056    64   155
  1280    64   197
  1292    64   175
   580    32   115
(1315.2947998046875, array([ 561.74646751]))
   804    32   127
  1328    64   184
  1224    64   167
  1112    64   166
  1012    64   136
   720    32   130
  1528    64   242
   288    16    63
   808    32   146
   764    32   134
   808    32   143
   616    32   131
  1240    64   184
  1016    64   164
   620    32   119
  1092    64   173
  1316    64   199
   600    32   119
   704    32   110
  1048    64   135
   612    32   104
  1148    64   170
   348    16    80
   592    32   106
  1168    32   174
  1316    64   194
  1192    64   164
   584    32    99
  1268    64   199
  1408    64   222
   244    16    58
  3096   128   357
   632    32   131
  1048    64   162
  2572   128   303
   860    32   161
   832    32   171
   756    32   127
  1176    64   166
  1368    64   210
   888    32   156
   532    32    93
  2232   128   243
   720    32   115
   288    16    69
  1260    64   183
  1384    64   245
   556    16   119
   404    16    85
   536    32   102
(1517.24365234375, array([ 550.87484847]))
   688    32   114
   988    32   163
   852    32   162
  1304    64   177
   416    16    92
  2056    64   278
   828    32   135
  1552    64   243
  1208    64   213
  1168    64   187
   548    32   108
  1284    64   211
   820    32   172
   868    32   147
  1284    64   199
  1396    64   192
   680    32   117
   668    32   121
  1336    64   200
  1400    64   246
  1636    64   282
  1112    64   179
  2420   128   344
  1092    64   196
  1124    64   183
   992    64   134
  1392    64   208
   460    32    82
   772    32   177
  1460    64   246
  1428    64   201
   948    64   165
  1072    64   141
   648    32   122
   592    32   118
  1412    64   215
  1348    64   203
  1208    64   190
   468    16   104
  1424    64   212
  1256    64   171
   620    32    99
   572    32   109
  1364    64   193
   924    64   146
   700    32   123
   864    32   125
   732    32   145
   592    32   100
   716    32   139
(1396.0697021484375, array([ 538.00014505]))
  1196    64   185
   584    32   104
  2076   128   270
   316    16    80
   988    64   144
   684    32   109
  1428    64   250
   572    32    95
   632    32   133
   420    16    80
   736    32   147
   860    32   158
   716    32   138
   636    32   104
  1136    64   173
   668    32   154
  1260    64   229
  1044    64   157
  1224    64   147
   336    16    80
   408    16   121
  1056    64   163
  2408   128   330
  1688    64   293
   504    32    89
  1020    32   154
  1276    64   234
   932    32   172
   928    32   175
   636    32   126
  1460    64   256
   412    16   117
  1444    64   223
  1040    64   174
   664    32   122
  1328    64   185
  1424    64   230
   588    32   126
  1292    64   190
  1056    64   131
  1212    64   167
  1436    64   217
  1200    64   169
   648    32   119
   616    32   119
  1628    64   223
  1008    32   160
   648    32   125
  1064    64   183
   324    16    69
(1168.336181640625, array([ 524.7307977]))
  2308   128   281
  2396   128   288
   632    32   127
  1496    64   215
  1400    64   226
  1408    64   198
  1104    64   171
  1100    64   191
  1292    64   220
  1216    64   185
  1072    64   158
  2380   128   342
   980    64   155
  1372    64   204
  1300    64   231
  1300    64   196
   776    32   113
   272    16    84
   688    32   113
   288    16    76
   428    16   103
   716    32   124
  1208    64   196
   976    64   167
  1444    64   249
   804    32   148
  1132    64   161
  1468    64   248
  1128    64   193
  1160    64   152
   772    32   126
   948    64   168
  1608    64   249
  1120    64   171
   656    32   130
   624    32   131
  1112    64   172
   752    32   136
   280    16    91
  1048    64   164
   640    32   112
   792    32   140
  1352    64   220
   372    16    86
  2412   128   339
  1076    64   191
   848    32   158
   548    32   122
  1888    64   276
  1484    64   246
(1239.6773681640625, array([ 517.00430257]))
  1040    64   154
  1532    64   220
   744    32   137
   976    32   191
   804    32   127
   716    32   161
  1340    64   196
   200     8    53
   552    32   110
  2180   128   305
  1324    64   247
   496    32   121
   932    64   161
   836    32   163
  1020    64   146
  1608    64   263
   732    32   132
   528    32   103
  1152    64   189
  1312    64   218
   948    64   150
   728    32   130
  1404    64   206
  1100    64   159
   700    32   174
   596    32   119
   560    32   102
   892    64   171
  2172   128   295
   552    32   104
  1008    64   194
  1676    64   220
  1368    64   244
  1396    64   228
  1168    64   200
   688    32   159
  1232    64   202
   532    32    87
   784    32   149
  1280    64   204
  1080    64   199
  2240   128   327
   784    32   132
   592    32   118
  1632    64   279
  1084    64   176
   496    32   108
  1420    64   216
   320    16    76
   812    32   165
(1385.2100830078125, array([ 487.35837778]))
   580    32   122
  1100    64   195
   624    32   122
   480    16    82
  1128    64   190
   560    32   134
  1472    64   246
   812    32   140
   748    32   116
   660    32   122
   720    32   149
   720    32   137
   568    32   113
   480    32   104
  1600    64   244
   736    32   119
   272    16    57
   428    32    96
   332    16    76
  1184    64   177
   336    16    97
   752    32   127
   728    32   159
   700    32   170
  1180    64   196
  1348    64   212
   572    32   118
   668    32   140
   576    32   108
   428    32   104
   684    32   146
  1180    64   185
   684    32   165
   392    16    96
  1044    64   161
   344    16   108
   920    32   246
  1412    64   247
   524    32   138
  1104    64   188
  1144    64   217
   704    32   135
   620    32   128
  1136    64   193
  1288    64   203
  2440   128   337
   988    64   154
   620    32   139
   312    16    72
   288    16    80
(1255.8607177734375, array([ 469.81900606]))
   996    32   190
  1100    64   214
   584    32   111
  2156   128   334
  1420    64   234
   744    32   135
   332    16    88
   828    32   150
  1588    64   237
   780    32   166
  1364    64   228
  1156    64   203
   256    16    85
   620    32   128
  1380    64   225
   744    32   149
   788    32   151
   472    32   125
  1044    64   177
  1580    64   256
  1372    64   212
  1284    64   202
   480    16   125
   508    16   101
   972    64   152
  2320   128   337
  1212    64   234
  1260    64   218
   488    32   111
   816    32   183
   432    16   121
  1396    64   253
  1160    64   177
  1520    64   218
  1200    64   200
   588    32   131
   572    32    96
   668    32   140
   560    32   146
  1540    64   249
  1364    64   259
  2892   128   376
  1108    32   231
  1368    64   237
   612    32   114
   948    32   191
   656    32   120
  1132    64   225
   860    32   150
  1368    64   284
(1500.03857421875, array([ 432.77173847]))
   208     8    87
   264    16    80
   412    16   109
  1408    64   230
   456    32    84
   804    32   139
   216     8    90
   400    16    94
  1288    64   201
   436    16   133
   728    32   145
  1460    64   245
  1192    64   200
   628    32   157
   456    32    99
  2368   128   288
  1836    64   299
  1308    64   215
  1404    64   216
   980    32   238
  1564    64   296
  1252    64   217
   816    32   174
   996    32   201
   888    32   165
   672    32   161
  1628    64   304
   620    32   152
  1060    64   203
  1168    64   167
   368    16   102
  1320    64   211
   232    16    66
   932    32   186
  1328    64   225
  1408    64   224
   568    32   169
  1348    64   239
   544    32   141
  1064    64   153
   996    64   165
  1340    64   218
  1208    64   188
   624    32   126
   548    32   107
  1040    64   240
  2424   128   373
  1496    64   227
   400    16    90
   376    16    72
(1390.19873046875, array([ 400.70238628]))
  1456    64   256
   896    32   184
  1296    64   241
   688    32   162
   324    16    95
   840    32   171
   764    32   175
  1188    64   208
   812    32   161
   800    32   203
   696    32   164
   416    16   108
   284    16    79
  1268    64   229
   424    16    84
  1108    64   206
   660    32   136
  1044    64   193
   232     8    89
   236    16    80
  1264    64   230
  1336    64   216
  1344    64   248
  1516    64   284
   520    32   103
   592    32   151
   776    32   210
   908    64   174
   956    64   212
  1004    64   161
  1484    64   244
  1324    64   206
  1616    64   274
  1444    64   263
  1608    64   250
   416    16   109
  1288    64   223
   696    32   190
   708    32   162
   884    32   234
   428    16   120
  1184    64   179
   688    32   167
  1056    64   206
   428    32    75
  1328    64   223
   692    32   149
  1348    64   243
  1124    64   235
  2140   128   352
(1106.1419677734375, array([ 374.57087276]))
   432    16    95
   504    16   120
   616    32   138
   572    32   168
  1404    64   270
  1772    64   279
   348    16   114
  1340    64   214
  1196    64   235
   396    16    89
   420    16   126
   620    32   145
   752    32   204
  1724    64   287
   760    32   160
   456    16   133
   696    32   160
   824    32   180
   628    32   161
   300    16    98
   644    32   119
   932    32   226
   764    32   123
  2044   128   269
  2108   128   402
  1552    64   242
  1236    64   233
   568    32   125
   504    16   133
   404    16   128
   756    32   144
  1988    64   347
   536    32   138
   804    32   188
   708    32   161
   652    32   152
  1424    64   317
   836    32   244
   780    32   175
   792    32   171
   660    32   155
   432    32   123
   664    32   161
  1020    64   221
   672    32   236
  1212    64   215
  1444    64   251
   568    32   115
   356    16   132
   312    16   125
(1233.3106689453125, array([ 325.87897521]))
   800    32   165
   560    16   133
   760    32   189
   716    32   160
   824    32   233
   828    32   167
   608    32   162
  1660    64   342
   672    32   152
   952    32   189
  1344    64   256
  1276    64   203
   908    32   136
   612    32   153
  1736    64   331
   688    32   164
  1104    64   304
   580    32   151
   616    32   145
  1220    64   304
   752    32   132
  1496    64   293
  1032    64   204
  1252    64   251
   864    32   195
   884    32   207
  1128    64   249
   324    16    75
   572    32   127
   940    64   168
  1036    64   178
  1808    64   292
   356    16   117
  1040    64   237
   736    32   144
   812    32   174
   532    32    99
   616    32   170
   600    32   118
  1200    64   233
   880    32   212
   616    32   145
   588    32   154
   360    16   103
   616    32   145
  1644    64   341
   528    32   138
   656    32   179
  1256    64   207
  2284   128   413
(1186.48291015625, array([ 293.40022003]))
  1120    64   184
   572    32   121
  1128    64   214
   944    32   210
   672    32   127
   620    32   153
   580    32   144
   256    16    73
  1448    64   290
  1276    64   311
   600    32   158
  1044    64   147
  1296    64   306
  1212    64   260
  1340    64   284
  1000    32   295
   648    32   165
  1096    64   204
  1512    64   229
   124     8    55
  2136   128   425
   728    32   198
   600    32   216
   352    16   146
   828    32   216
   608    32   136
   356    16   101
  1400    64   283
  1188    64   258
  2296   128   344
   988    32   265
  1300    64   237
  1584    64   370
  1456    64   327
  1028    64   238
   592    32   193
  1024    64   206
   604    32   175
   556    32   129
   508    32    90
  1496    64   362
   624    32   176
  1004    32   268
   440    16   130
   388    16   104
  1112    64   203
   744    32   223
  1420    64   382
  1300    64   286
   460    32    98
(1304.5262451171875, array([ 257.08252123]))
  1336    64   211
   780    32   226
   568    32   125
   828    32   229
   528    32   128
  1860    64   409
   636    32   206
  1048    64   284
  1776    64   379
  1520    64   273
  1284    64   255
   596    32   155
   356    16   101
   524    32   114
   300    16   129
   492    32   115
   744    32   226
  1588    64   306
   308    16   110
   996    32   179
   588    32   163
   556    32   114
   860    32   182
  1008    64   216
  1204    64   269
   700    32   208
   928    64   270
  1256    64   297
   592    32   211
   668    32   174
  1088    64   258
   728    32   230
   560    16   165
  1260    64   260
  1104    64   161
  1180    64   247
   340    16   100
   332    16   114
  1500    64   338
  1076    64   319
   948    64   219
  1208    64   213
  1228    64   298
   996    64   169
  1516    64   342
   664    32   184
   432    16   130
   764    32   184
   572    32   117
  1680    64   389
replays/sim_5
(1102.494873046875, array([ 244.17224117]))
   692    32   169
  1692    64   331
   760    32   230
  2716   128   546
   668    32   170
   640    32   203
  1616    64   327
  1144    64   351
  1124    32   369
  2296   128   514
   596    32   113
  1312    64   256
  1120    64   275
  1676    64   405
   520    32   121
   680    32   234
  1188    64   245
   508    16   124
  1444    64   330
   768    32   182
   896    32   186
  1752    64   417
  1344    64   270
   360    16   134
   768    32   179
   956    64   185
   680    32   161
   472    16   142
   704    32   156
   844    32   236
  1096    64   268
  1064    64   221
  1604    64   313
  1312    64   241
  1052    64   213
   528    32   135
  1076    64   187
   680    32   217
  1428    64   315
   644    32   159
   996    64   225
   916    32   227
   456    16   150
  1340    64   269
  2256   128   491
  1072    64   201
   848    32   205
  1780    64   545
   948    64   250
  1396    64   337
(1239.684814453125, array([ 219.88624452]))
   804    32   186
  1152    64   275
  1120    64   270
   592    32   138
   748    32   163
   972    64   243
  1372    64   363
   820    32   236
   332    16   116
   680    32   191
  1088    64   230
  1128    64   279
   412    16   119
   348    16   103
   688    32   221
   232    16    62
   524    32   195
   692    32   162
  2188    64   543
   408    16   121
  1316    64   292
   312    16   113
   252    16   104
  1212    64   334
   696    32   149
   708    32   209
   820    32   203
   604    32   229
   456    32    95
   236    16    70
   548    32   125
   404    16   217
   616    32   147
   452    32   181
   468    16   146
   772    32   215
  1580    64   435
  1620    64   368
   852    32   216
  2564   128   456
   548    32   136
   656    32   247
  1332    64   272
   744    32   189
   636    32   201
   800    32   199
   420    32    84
   500    16   157
   524    16   146
   912    64   198
(1164.79150390625, array([ 197.797116]))
   608    32   174
  1436    64   365
   544    32   145
   552    32   179
   524    32   112
   588    32   153
   852    32   280
   568    32   239
   480    32   161
   940    64   233
   752    32   199
   636    32   172
  1204    64   388
  1540    64   311
   164     8    52
   544    32   131
  1132    64   258
   444    16   161
   472    32   210
  2780   128   715
   636    32   152
   688    32   270
  1256    64   349
   304    16   107
  1100    64   393
   716    32   220
   596    32   170
   728    32   197
   604    32   151
  1080    64   243
   664    32   177
   264    16   117
   964    32   194
   732    32   226
   496    16   173
   736    32   213
   676    32   186
   372    16   185
  1388    64   344
   764    32   186
  1132    64   313
  1424    64   443
  1080    64   298
   672    32   175
  1056    64   266
  1440    64   414
   748    32   229
   352    16   145
  1356    64   339
   456    32   169
(1224.4981689453125, array([ 177.86426127]))
   572    32   163
   712    32   176
   272    16   105
   416    16    99
   788    32   204
  1264    64   313
   244    16    70
   696    32   154
  1584    64   429
  1116    64   227
   816    32   207
  1080    64   304
   736    32   204
   708    32   210
   444    16   154
  1476    64   398
  1484    64   242
   740    32   233
   716    32   246
  1136    64   203
   448    16   171
   552    32   188
  1420    64   276
   276    16    96
  1300    64   287
   416    16   124
   996    64   232
   580    32   164
   752    32   218
   644    32   161
  2780   128   475
  1228    64   307
   676    32   190
  1196    64   239
   596    32   154
   652    32   198
   152     8    85
  1224    64   326
  1012    64   205
  1096    64   232
   600    32   180
   640    32   215
   664    32   231
  1580    64   350
   392    16   130
  2172   128   464
   548    32   126
   424    16   121
  1612    64   285
  2328   128   431
(1278.68017578125, array([ 149.23231433]))
  1260    64   227
   716    32   211
   356    16   125
   848    32   245
   808    32   240
   600    32   191
   708    32   273
   356    16   133
  1112    64   267
   772    32   248
  1716    64   325
  1156    64   239
   712    32   160
   784    32   147
   856    32   318
   648    32   112
   676    32   174
  1188    64   243
  1184    64   405
   772    32   301
   612    32   166
   676    32   216
   560    16   148
   832    32   206
  2104   128   455
  2220    64   578
  1436    64   378
  1244    64   282
   596    32   238
  2324   128   582
  1020    64   214
  1528    64   332
   624    16   196
   944    64   213
   604    32   209
  1160    64   335
   308    16   117
  1172    64   305
  1176    64   199
   888    32   214
   688    32   297
   612    32   128
   380    16   138
   420    16    92
   892    64   213
   324    16    98
   976    64   263
  1332    64   470
  1256    64   339
   688    32   203
(1199.161865234375, array([ 124.71756257]))
   812    32   261
  1324    64   293
  1424    64   434
  1300    64   308
   560    16   197
   628    32   207
   284    16   119
   280    16   153
  1020    64   330
   472    16   154
  1488    64   474
  1672    64   375
   632    32   196
  1124    64   272
   964    32   378
   380    16   147
   464    32   134
   528    16   1