   712    64   150
  1056   128   354
   360    32   103
  1452   128   431
   664    64   104
   748    64   107
   584    64   221
  1260   128   527
  2216   256   521
   748    64   268
   424    32   102
  1372   128   287
   776    64   219
  1112   128   359
   564    64   239
  1440   128   332
  1024    64   270
   976    64   316
   244    32   198
  1164   128   343
   720    64   236
   184    32    51
   816    64   307
   464    64   109
   860    64   422
   836    64   224
   916   128   157
   332    32    86
  1492   128   270
   584    64   154
  2700   256   591
  1032   128   319
   700    64   376
  1216   128   329
  1052    64   213
  1280   128   301
  1704   128   466
  1304   128   257
  1296   128   223
  1364   128   262
Metrics (RL): [0.003378013614565134, 0.49609375] , 0.339627090289
